xof 0303txt 0032

template XSkinMeshHeader {
  <3cf169ce-ff7c-44ab-93c0-f78f62d172e2>
  WORD nMaxSkinWeightsPerVertex;
  WORD nMaxSkinWeightsPerFace;
  WORD nBones;
}

template SkinWeights {
  <6f0d123b-bad2-4167-a0d0-80224f25fabb>
  STRING transformNodeName;
  DWORD nWeights;
  array DWORD vertexIndices[nWeights];
  array float weights[nWeights];
  Matrix4x4 matrixOffset;
}

Frame Root {
  FrameTransformMatrix {
     1.000000, 0.000000, 0.000000, 0.000000,
     0.000000, 0.000000, 1.000000, 0.000000,
     0.000000, 1.000000,-0.000000, 0.000000,
     0.000000, 0.000000, 0.000000, 1.000000;;
  }
  Frame Armature {
    FrameTransformMatrix {
       0.108578, 0.000000, 0.000000, 0.000000,
       0.000000, 0.108578, 0.000000, 0.000000,
       0.000000, 0.000000, 0.108578, 0.000000,
       0.016063,-0.037016, 0.677876, 1.000000;;
    }
    Frame Armature_stomach {
      FrameTransformMatrix {
         0.051712,-0.997586, 0.046343, 0.000000,
         0.013778, 0.047113, 0.998794, 0.000000,
        -0.998567,-0.051011, 0.016181, 0.000000,
        -0.011771, 0.180288,-1.765668, 1.000000;;
      }
      Frame Armature_chest {
        FrameTransformMatrix {
           0.051267, 0.003269,-0.998680, 0.000000,
           0.070764, 0.997469, 0.006897, 0.000000,
           0.996175,-0.071024, 0.050906, 0.000000,
           0.000000, 0.856518, 0.000000, 1.000000;;
        }
        Frame Armature_r_obojczyk {
          FrameTransformMatrix {
            -0.100597,-0.224360, 0.969300, 0.000000,
             0.993243,-0.079311, 0.084724, 0.000000,
             0.057868, 0.971274, 0.230823, 0.000000,
            -0.000000, 1.116649, 0.000000, 1.000000;;
          }
          Frame Armature_r_shoulder {
            FrameTransformMatrix {
               0.990130,-0.132184,-0.046580, 0.000000,
               0.064088, 0.722602,-0.688287, 0.000000,
               0.124639, 0.678509, 0.723941, 0.000000,
               0.000000, 0.591453, 0.000000, 1.000000;;
            }
            Frame Armature_r_arm {
              FrameTransformMatrix {
                 0.828558,-0.391195,-0.400573, 0.000000,
                 0.165301, 0.854450,-0.492534, 0.000000,
                 0.534947, 0.341878, 0.772626, 0.000000,
                 0.000000, 0.310784, 0.000000, 1.000000;;
              }
              Frame Armature_r_arm_top {
                FrameTransformMatrix {
                   0.992820,-0.065611, 0.100023, 0.000000,
                   0.084889, 0.975562,-0.202664, 0.000000,
                  -0.084281, 0.209699, 0.974127, 0.000000,
                   0.000000, 1.089800, 0.000000, 1.000000;;
                }
                Frame Armature_r_hand {
                  FrameTransformMatrix {
                     0.996518, 0.080062, 0.023282, 0.000000,
                    -0.079291, 0.996327,-0.032336, 0.000000,
                    -0.025786, 0.030377, 0.999206, 0.000000,
                     0.000000, 1.215243, 0.000000, 1.000000;;
                  }
                  Frame Armature_r_hand0 {
                    FrameTransformMatrix {
                       0.357633,-0.792845,-0.493453, 0.000000,
                      -0.102395, 0.491922,-0.864597, 0.000000,
                       0.928232, 0.359736, 0.094744, 0.000000,
                       0.000000, 0.262412,-0.000000, 1.000000;;
                    }
                    Frame Armature_r_palec0 {
                      FrameTransformMatrix {
                         0.820849, 0.392045, 0.415341, 0.000000,
                        -0.562175, 0.426211, 0.708734, 0.000000,
                         0.100833,-0.815257, 0.570253, 0.000000,
                         0.000000, 0.223437, 0.000000, 1.000000;;
                      }
                      Frame Armature_r_palec0_top {
                        FrameTransformMatrix {
                           0.731495, 0.328109, 0.597712, 0.000000,
                          -0.478497, 0.871523, 0.107182, 0.000000,
                          -0.485753,-0.364407, 0.794514, 0.000000,
                          -0.000000, 0.109898, 0.000000, 1.000000;;
                        }
                      } //End of Armature_r_palec0_top
                    } //End of Armature_r_palec0
                  } //End of Armature_r_hand0
                  Frame Armature_r_hand1 {
                    FrameTransformMatrix {
                       0.352009,-0.324300,-0.878020, 0.000000,
                      -0.065585, 0.927208,-0.368761, 0.000000,
                       0.933696, 0.187392, 0.305116, 0.000000,
                       0.000000, 0.262412,-0.000000, 1.000000;;
                    }
                    Frame Armature_r_palec1 {
                      FrameTransformMatrix {
                         0.936649, 0.105031, 0.334151, 0.000000,
                        -0.319030, 0.649634, 0.690070, 0.000000,
                        -0.144597,-0.752957, 0.641987, 0.000000,
                        -0.000000, 0.180230, 0.000000, 1.000000;;
                      }
                      Frame Armature_r_palec1_top {
                        FrameTransformMatrix {
                           0.919671,-0.381267,-0.094022, 0.000000,
                           0.385808, 0.921901, 0.035377, 0.000000,
                           0.073191,-0.068809, 0.994941, 0.000000,
                           0.000000, 0.189032, 0.000000, 1.000000;;
                        }
                      } //End of Armature_r_palec1_top
                    } //End of Armature_r_palec1
                  } //End of Armature_r_hand1
                  Frame Armature_r_hand2 {
                    FrameTransformMatrix {
                       0.738724,-0.111590,-0.664707, 0.000000,
                       0.278435, 0.948641, 0.150183, 0.000000,
                       0.613809,-0.296021, 0.731854, 0.000000,
                       0.000000, 0.262412,-0.000000, 1.000000;;
                    }
                    Frame Armature_r_palec2 {
                      FrameTransformMatrix {
                         0.983404, 0.020374, 0.180283, 0.000000,
                        -0.054244, 0.981241, 0.184996, 0.000000,
                        -0.173131,-0.191705, 0.966062, 0.000000,
                        -0.000000, 0.179901,-0.000000, 1.000000;;
                      }
                      Frame Armature_r_palec2_top {
                        FrameTransformMatrix {
                           0.585249,-0.523247, 0.619432, 0.000000,
                           0.657141, 0.753604, 0.015706, 0.000000,
                          -0.475025, 0.397863, 0.784893, 0.000000,
                          -0.000000, 0.121677,-0.000000, 1.000000;;
                        }
                      } //End of Armature_r_palec2_top
                    } //End of Armature_r_palec2
                  } //End of Armature_r_hand2
                  Frame Armature_r_hand3 {
                    FrameTransformMatrix {
                       0.823465,-0.485431,-0.293706, 0.000000,
                       0.556171, 0.588300, 0.587007, 0.000000,
                      -0.112164,-0.646730, 0.754427, 0.000000,
                       0.000000, 0.262412,-0.000000, 1.000000;;
                    }
                    Frame Armature_r_palec3 {
                      FrameTransformMatrix {
                         0.936779, 0.267802,-0.225229, 0.000000,
                        -0.342477, 0.833752,-0.433091, 0.000000,
                         0.071802, 0.482846, 0.872756, 0.000000,
                         0.000000, 0.184282, 0.000000, 1.000000;;
                      }
                      Frame Armature_r_palec3_top {
                        FrameTransformMatrix {
                           0.831845,-0.554981, 0.005370, 0.000000,
                           0.554354, 0.830357,-0.056555, 0.000000,
                           0.026928, 0.050022, 0.998385, 0.000000,
                          -0.000000, 0.148338, 0.000000, 1.000000;;
                        }
                      } //End of Armature_r_palec3_top
                    } //End of Armature_r_palec3
                  } //End of Armature_r_hand3
                  Frame Armature_r_hand4 {
                    FrameTransformMatrix {
                       0.658362,-0.729107,-0.186980, 0.000000,
                       0.476299, 0.211192, 0.853544, 0.000000,
                      -0.582837,-0.651000, 0.486314, 0.000000,
                       0.000000, 0.262412,-0.000000, 1.000000;;
                    }
                    Frame Armature_r_palec4 {
                      FrameTransformMatrix {
                         0.947359, 0.239560,-0.212418, 0.000000,
                        -0.314774, 0.575573,-0.754740, 0.000000,
                        -0.058543, 0.781874, 0.620681, 0.000000,
                         0.000000, 0.206933, 0.000000, 1.000000;;
                      }
                      Frame Armature_r_palec4_top {
                        FrameTransformMatrix {
                           0.996429,-0.039367,-0.074698, 0.000000,
                           0.026946, 0.986663,-0.160534, 0.000000,
                           0.080021, 0.157947, 0.984200, 0.000000,
                           0.000000, 0.106005,-0.000000, 1.000000;;
                        }
                      } //End of Armature_r_palec4_top
                    } //End of Armature_r_palec4
                  } //End of Armature_r_hand4
                } //End of Armature_r_hand
              } //End of Armature_r_arm_top
            } //End of Armature_r_arm
          } //End of Armature_r_shoulder
        } //End of Armature_r_obojczyk
        Frame Armature_head {
          FrameTransformMatrix {
             0.999996,-0.001578, 0.002260, 0.000000,
             0.002012, 0.978363,-0.206884, 0.000000,
            -0.001885, 0.206888, 0.978363, 0.000000,
            -0.000000, 1.116649, 0.000000, 1.000000;;
          }
        } //End of Armature_head
        Frame Armature_l_obojczyk {
          FrameTransformMatrix {
            -0.119280, 0.990238,-0.072112, 0.000000,
            -0.990683,-0.113896, 0.074663, 0.000000,
             0.065721, 0.080346, 0.994598, 0.000000,
            -0.000000, 1.116649, 0.000000, 1.000000;;
          }
          Frame Armature_l_shoulder {
            FrameTransformMatrix {
               0.133393, 0.273111, 0.952689, 0.000000,
              -0.616276, 0.775685,-0.136079, 0.000000,
              -0.776151,-0.568967, 0.271783, 0.000000,
              -0.000000, 0.666081,-0.000000, 1.000000;;
            }
            Frame Armature_l_arm {
              FrameTransformMatrix {
                 0.827804, 0.412065,-0.380713, 0.000000,
                -0.158988, 0.823100, 0.545188, 0.000000,
                 0.538018,-0.390780, 0.746879, 0.000000,
                 0.000000, 0.310784,-0.000000, 1.000000;;
              }
              Frame Armature_l_arm_top {
                FrameTransformMatrix {
                   0.924796, 0.211446, 0.316296, 0.000000,
                  -0.241784, 0.968505, 0.059481, 0.000000,
                  -0.293758,-0.131483, 0.946794, 0.000000,
                  -0.000000, 1.031097,-0.000000, 1.000000;;
                }
                Frame Armature_l_hand {
                  FrameTransformMatrix {
                     0.953790, 0.258472, 0.153218, 0.000000,
                    -0.213312, 0.941599,-0.260556, 0.000000,
                    -0.211616, 0.215832, 0.953223, 0.000000,
                    -0.000000, 1.215243,-0.000000, 1.000000;;
                  }
                  Frame Armature_l_hand0 {
                    FrameTransformMatrix {
                       0.081916, 0.772655,-0.629519, 0.000000,
                      -0.715602, 0.485239, 0.502451, 0.000000,
                       0.693689, 0.409326, 0.592662, 0.000000,
                      -0.000000, 0.262412, 0.000000, 1.000000;;
                    }
                    Frame Armature_l_palec0 {
                      FrameTransformMatrix {
                         0.692107,-0.686767,-0.222123, 0.000000,
                         0.493829, 0.226098, 0.839650, 0.000000,
                        -0.526422,-0.690819, 0.495629, 0.000000,
                         0.000000, 0.223437, 0.000000, 1.000000;;
                      }
                      Frame Armature_l_palec0_top {
                        FrameTransformMatrix {
                           0.999693, 0.022098,-0.011198, 0.000000,
                          -0.019663, 0.982742, 0.183931, 0.000000,
                           0.015069,-0.183655, 0.982875, 0.000000,
                           0.000000, 0.109898,-0.000000, 1.000000;;
                        }
                      } //End of Armature_l_palec0_top
                    } //End of Armature_l_palec0
                  } //End of Armature_l_hand0
                  Frame Armature_l_hand1 {
                    FrameTransformMatrix {
                       0.572524, 0.380425,-0.726287, 0.000000,
                      -0.384101, 0.907065, 0.172333, 0.000000,
                       0.724350, 0.180303, 0.665439, 0.000000,
                      -0.000000, 0.262412, 0.000000, 1.000000;;
                    }
                    Frame Armature_l_palec1 {
                      FrameTransformMatrix {
                         0.894391,-0.182514,-0.408356, 0.000000,
                         0.427369, 0.618110, 0.659770, 0.000000,
                         0.131991,-0.764611, 0.630832, 0.000000,
                         0.000000, 0.180229, 0.000000, 1.000000;;
                      }
                      Frame Armature_l_palec1_top {
                        FrameTransformMatrix {
                           0.847974, 0.496436, 0.185719, 0.000000,
                          -0.517314, 0.851464, 0.085995, 0.000000,
                          -0.115443,-0.168996, 0.978833, 0.000000,
                          -0.000000, 0.189032, 0.000000, 1.000000;;
                        }
                      } //End of Armature_l_palec1_top
                    } //End of Armature_l_palec1
                  } //End of Armature_l_hand1
                  Frame Armature_l_hand2 {
                    FrameTransformMatrix {
                       0.211792, 0.111590,-0.970924, 0.000000,
                       0.268336, 0.948641, 0.167562, 0.000000,
                       0.939756,-0.296021, 0.170971, 0.000000,
                      -0.000000, 0.262412, 0.000000, 1.000000;;
                    }
                    Frame Armature_l_palec2 {
                      FrameTransformMatrix {
                         0.973851, 0.119139,-0.193443, 0.000000,
                        -0.068423, 0.965740, 0.250329, 0.000000,
                         0.216639,-0.230547, 0.948639, 0.000000,
                        -0.000000, 0.179901,-0.000000, 1.000000;;
                      }
                      Frame Armature_l_palec2_top {
                        FrameTransformMatrix {
                           0.737892, 0.193950, 0.646451, 0.000000,
                          -0.230915, 0.972565,-0.028213, 0.000000,
                          -0.634188,-0.128457, 0.762433, 0.000000,
                           0.000000, 0.121677, 0.000000, 1.000000;;
                        }
                      } //End of Armature_l_palec2_top
                    } //End of Armature_l_palec2
                  } //End of Armature_l_hand2
                  Frame Armature_l_hand3 {
                    FrameTransformMatrix {
                      -0.153665, 0.497030,-0.854019, 0.000000,
                       0.781961, 0.589548, 0.202411, 0.000000,
                       0.604090,-0.636706,-0.479251, 0.000000,
                      -0.000000, 0.262412, 0.000000, 1.000000;;
                    }
                    Frame Armature_l_palec3 {
                      FrameTransformMatrix {
                         0.990091,-0.121227,-0.070877, 0.000000,
                         0.071370, 0.869083,-0.489491, 0.000000,
                         0.120937, 0.479583, 0.869123, 0.000000,
                        -0.000000, 0.184282,-0.000000, 1.000000;;
                      }
                      Frame Armature_l_palec3_top {
                        FrameTransformMatrix {
                           0.989629, 0.082301, 0.117737, 0.000000,
                          -0.071718, 0.993222,-0.091469, 0.000000,
                          -0.124467, 0.082077, 0.988823, 0.000000,
                          -0.000000, 0.108892, 0.000000, 1.000000;;
                        }
                      } //End of Armature_l_palec3_top
                    } //End of Armature_l_palec3
                  } //End of Armature_l_hand3
                  Frame Armature_l_hand4 {
                    FrameTransformMatrix {
                      -0.177509, 0.769800,-0.613106, 0.000000,
                       0.971673, 0.235866, 0.014825, 0.000000,
                       0.156023,-0.593107,-0.789862, 0.000000,
                      -0.000000, 0.262412, 0.000000, 1.000000;;
                    }
                    Frame Armature_l_palec4 {
                      FrameTransformMatrix {
                         0.943167,-0.236290, 0.233671, 0.000000,
                         0.332316, 0.672651,-0.661140, 0.000000,
                        -0.000958, 0.701218, 0.712946, 0.000000,
                         0.000000, 0.206933,-0.000000, 1.000000;;
                      }
                      Frame Armature_l_palec4_top {
                        FrameTransformMatrix {
                           0.998933, 0.043359, 0.015861, 0.000000,
                          -0.040106, 0.985124,-0.167099, 0.000000,
                          -0.022870, 0.166284, 0.985813, 0.000000,
                           0.000000, 0.106005, 0.000000, 1.000000;;
                        }
                      } //End of Armature_l_palec4_top
                    } //End of Armature_l_palec4
                  } //End of Armature_l_hand4
                } //End of Armature_l_hand
              } //End of Armature_l_arm_top
            } //End of Armature_l_arm
          } //End of Armature_l_shoulder
        } //End of Armature_l_obojczyk
      } //End of Armature_chest
    } //End of Armature_stomach
    Frame Armature_r_biodro {
      FrameTransformMatrix {
        -0.504061,-0.613941,-0.607454, 0.000000,
         0.769560,-0.000000,-0.638575, 0.000000,
         0.392047,-0.789352, 0.472464, 0.000000,
        -0.011771, 0.180288,-1.765668, 1.000000;;
      }
      Frame Armature_r_udo {
        FrameTransformMatrix {
           0.583969,-0.754164,-0.300362, 0.000000,
           0.563860, 0.643018,-0.518256, 0.000000,
           0.583989, 0.133283, 0.800745, 0.000000,
           0.000000, 0.575129, 0.000000, 1.000000;;
        }
        Frame Armature_r_lydka {
          FrameTransformMatrix {
             0.999978,-0.005037,-0.004408, 0.000000,
             0.005618, 0.989627, 0.143547, 0.000000,
             0.003640,-0.143569, 0.989634, 0.000000,
            -0.000000, 1.841818, 0.000000, 1.000000;;
          }
          Frame Armature_r_stopa {
            FrameTransformMatrix {
               0.933279,-0.150728,-0.325993, 0.000000,
              -0.309932, 0.120632,-0.943075, 0.000000,
               0.181473, 0.981188, 0.065868, 0.000000,
              -0.000000, 2.034581,-0.000000, 1.000000;;
            }
          } //End of Armature_r_stopa
        } //End of Armature_r_lydka
      } //End of Armature_r_udo
    } //End of Armature_r_biodro
    Frame Armature_l_biodro {
      FrameTransformMatrix {
        -0.479140,-0.613941, 0.627297, 0.000000,
        -0.794698, 0.000000,-0.607004, 0.000000,
         0.372665,-0.789352,-0.487898, 0.000000,
        -0.020388, 0.180288,-1.781524, 1.000000;;
      }
      Frame Armature_l_udo {
        FrameTransformMatrix {
           0.570301, 0.768641,-0.289737, 0.000000,
          -0.644806, 0.637419, 0.421807, 0.000000,
           0.508902,-0.053733, 0.859146, 0.000000,
          -0.000000, 0.605042, 0.000000, 1.000000;;
        }
        Frame Armature_l_lydka {
          FrameTransformMatrix {
             0.999633, 0.016841,-0.021204, 0.000000,
            -0.013562, 0.989153, 0.146264, 0.000000,
             0.023437,-0.145923, 0.989018, 0.000000,
            -0.000000, 1.841818,-0.000000, 1.000000;;
          }
          Frame Armature_l_stopa {
            FrameTransformMatrix {
               0.927953, 0.077693, 0.364509, 0.000000,
               0.351588, 0.141992,-0.925324, 0.000000,
              -0.123648, 0.986814, 0.104446, 0.000000,
              -0.000000, 2.024738,-0.000000, 1.000000;;
            }
          } //End of Armature_l_stopa
        } //End of Armature_l_lydka
      } //End of Armature_l_udo
    } //End of Armature_l_biodro
    Frame Plane_001 {
      FrameTransformMatrix {
         0.159215, 0.000000,-0.000000, 0.000000,
        -0.000000,-0.020210, 0.153018, 0.000000,
         0.000000,-0.153018,-0.020210, 0.000000,
        -0.003604, 0.323747, 1.005243, 1.000000;;
      }
      Mesh { //Plane_002 Mesh
        300;
        -1.642921; 1.735086; 2.103998;,
        -2.140882; 1.735086; 1.323727;,
        -1.978297; 2.740003; 1.218119;,
        -1.518187; 2.740003; 1.939080;,
        -1.692415; 1.735086;-1.991359;,
        -0.761839; 1.735086;-3.041687;,
        -0.704078; 2.740004;-2.815470;,
        -1.381318; 2.740003;-1.844980;,
         1.978001; 2.740003; 1.218119;,
         2.140882; 1.735086; 1.323727;,
         1.642921; 1.735086; 2.103998;,
         1.517891; 2.740003; 1.939080;,
         0.703782; 2.740004;-2.849532;,
         0.761839; 1.735086;-3.078550;,
         1.494792; 1.735086;-2.544719;,
         1.381022; 2.740003;-2.356279;,
        -2.012328; 2.740003;-0.517030;,
        -2.177712; 1.735086;-0.554164;,
        -2.097527; 1.735086;-1.254719;,
        -1.822621; 2.740003;-1.164334;,
        -1.822621; 2.740003;-1.164334;,
        -2.097527; 1.735086;-1.254719;,
        -1.692415; 1.735086;-1.991359;,
        -1.381318; 2.740003;-1.844980;,
         2.031941; 1.735086;-1.254719;,
         2.275299; 1.735086;-0.554164;,
         2.112577; 2.740003;-0.517030;,
         1.822325; 2.740003;-1.164334;,
         1.494792; 1.735086;-2.544719;,
         2.031941; 1.735086;-1.254719;,
         1.822325; 2.740003;-1.164334;,
         1.381022; 2.740003;-2.356279;,
        -2.283061; 1.735086; 0.697472;,
        -2.272365; 1.735086; 0.011109;,
        -2.099785; 2.740003; 0.005276;,
        -2.109668; 2.740003; 0.639467;,
        -0.000148; 2.740003; 2.453949;,
        -0.000000; 1.735086; 2.661223;,
        -0.799355; 1.735086; 2.615265;,
        -0.738743; 2.740003; 2.411485;,
         2.099490; 2.740003; 0.005276;,
         2.272365; 1.735086; 0.011109;,
         2.283061; 1.735086; 0.697472;,
         2.109373; 2.740003; 0.639467;,
         0.799355; 1.735086; 2.615265;,
        -0.000000; 1.735086; 2.661223;,
        -0.000148; 2.740003; 2.453949;,
         0.738447; 2.740003; 2.411485;,
        -2.099785; 2.740003; 0.005276;,
        -2.272365; 1.735086; 0.011109;,
        -2.177712; 1.735086;-0.554164;,
        -2.012328; 2.740003;-0.517030;,
        -0.799355; 1.735086; 2.615265;,
        -1.642921; 1.735086; 2.103998;,
        -1.518187; 2.740003; 1.939080;,
        -0.738743; 2.740003; 2.411485;,
         2.275299; 1.735086;-0.554164;,
         2.272365; 1.735086; 0.011109;,
         2.099490; 2.740003; 0.005276;,
         2.112577; 2.740003;-0.517030;,
         1.517891; 2.740003; 1.939080;,
         1.642921; 1.735086; 2.103998;,
         0.799355; 1.735086; 2.615265;,
         0.738447; 2.740003; 2.411485;,
        -1.978297; 2.740003; 1.218119;,
        -2.140882; 1.735086; 1.323727;,
        -2.283061; 1.735086; 0.697472;,
        -2.109668; 2.740003; 0.639467;,
        -0.704078; 2.740004;-2.815470;,
        -0.761839; 1.735086;-3.041687;,
        -0.000000; 1.735086;-3.202897;,
        -0.000148; 2.740004;-2.964427;,
         2.283061; 1.735086; 0.697472;,
         2.140882; 1.735086; 1.323727;,
         1.978001; 2.740003; 1.218119;,
         2.109373; 2.740003; 0.639467;,
        -0.000000; 1.735086;-3.202897;,
         0.761839; 1.735086;-3.078550;,
         0.703782; 2.740004;-2.849532;,
        -0.000148; 2.740004;-2.964427;,
        -1.424029; 3.861103;-0.385383;,
        -1.485981; 3.861103;-0.015403;,
        -2.099785; 2.740003; 0.005276;,
        -2.012328; 2.740003;-0.517030;,
        -0.738743; 2.740003; 2.411485;,
        -1.518187; 2.740003; 1.939080;,
        -1.073999; 3.861103; 1.354426;,
        -0.521872; 3.861103; 1.689059;,
         2.112577; 2.740003;-0.517030;,
         2.099490; 2.740003; 0.005276;,
         1.488617; 3.861103;-0.015403;,
         1.497887; 3.861103;-0.385383;,
         0.524509; 3.861103; 1.689059;,
         1.076636; 3.861103; 1.354426;,
         1.517891; 2.740003; 1.939080;,
         0.738447; 2.740003; 2.411485;,
        -1.492981; 3.861103; 0.433832;,
        -1.399923; 3.861103; 0.843726;,
        -1.978297; 2.740003; 1.218119;,
        -2.109668; 2.740003; 0.639467;,
         0.001318; 3.861103;-2.119021;,
        -0.497317; 3.861103;-2.013506;,
        -0.704078; 2.740004;-2.815470;,
        -0.000148; 2.740004;-2.964427;,
         2.109373; 2.740003; 0.639467;,
         1.978001; 2.740003; 1.218119;,
         1.402559; 3.861103; 0.843726;,
         1.495618; 3.861103; 0.433832;,
        -0.000148; 2.740004;-2.964427;,
         0.703782; 2.740004;-2.849532;,
         0.499954; 3.861103;-2.037634;,
         0.001318; 3.861103;-2.119021;,
        -1.518187; 2.740003; 1.939080;,
        -1.978297; 2.740003; 1.218119;,
        -1.399923; 3.861103; 0.843726;,
        -1.073999; 3.861103; 1.354426;,
        -1.381318; 2.740003;-1.844980;,
        -0.704078; 2.740004;-2.815470;,
        -0.497317; 3.861103;-2.013506;,
        -0.977047; 3.861103;-1.326050;,
         1.076636; 3.861103; 1.354426;,
         1.402559; 3.861103; 0.843726;,
         1.978001; 2.740003; 1.218119;,
         1.517891; 2.740003; 1.939080;,
         0.979683; 3.861103;-1.688234;,
         0.499954; 3.861103;-2.037634;,
         0.703782; 2.740004;-2.849532;,
         1.381022; 2.740003;-2.356279;,
        -1.289649; 3.861103;-0.843908;,
        -1.424029; 3.861103;-0.385383;,
        -2.012328; 2.740003;-0.517030;,
        -1.822621; 2.740003;-1.164334;,
        -0.977047; 3.861103;-1.326050;,
        -1.289649; 3.861103;-0.843908;,
        -1.822621; 2.740003;-1.164334;,
        -1.381318; 2.740003;-1.844980;,
         1.822325; 2.740003;-1.164334;,
         2.112577; 2.740003;-0.517030;,
         1.497887; 3.861103;-0.385383;,
         1.292285; 3.861103;-0.843908;,
         1.381022; 2.740003;-2.356279;,
         1.822325; 2.740003;-1.164334;,
         1.292285; 3.861103;-0.843908;,
         0.979683; 3.861103;-1.688234;,
        -2.109668; 2.740003; 0.639467;,
        -2.099785; 2.740003; 0.005276;,
        -1.485981; 3.861103;-0.015403;,
        -1.492981; 3.861103; 0.433832;,
        -0.521872; 3.861103; 1.689059;,
         0.001318; 3.861103; 1.719138;,
        -0.000148; 2.740003; 2.453949;,
        -0.738743; 2.740003; 2.411485;,
         1.495618; 3.861103; 0.433832;,
         1.488617; 3.861103;-0.015403;,
         2.099490; 2.740003; 0.005276;,
         2.109373; 2.740003; 0.639467;,
         0.738447; 2.740003; 2.411485;,
        -0.000148; 2.740003; 2.453949;,
         0.001318; 3.861103; 1.719138;,
         0.524509; 3.861103; 1.689059;,
        -0.572641; 4.148952; 0.126944;,
        -0.536761; 4.148952; 0.284984;,
        -1.399923; 3.861103; 0.843726;,
        -1.492981; 3.861103; 0.433832;,
         0.003506; 4.148952;-0.857342;,
        -0.188749; 4.148952;-0.816660;,
        -0.497317; 3.861103;-2.013506;,
         0.001318; 3.861103;-2.119021;,
         1.495618; 3.861103; 0.433832;,
         1.402559; 3.861103; 0.843726;,
         0.543773; 4.148952; 0.284984;,
         0.579653; 4.148952; 0.126944;,
         0.001318; 3.861103;-2.119021;,
         0.499954; 3.861103;-2.037634;,
         0.195762; 4.148952;-0.825963;,
         0.003506; 4.148952;-0.857342;,
        -1.073999; 3.861103; 1.354426;,
        -1.399923; 3.861103; 0.843726;,
        -0.536761; 4.148952; 0.284984;,
        -0.411097; 4.148952; 0.481891;,
        -0.977047; 3.861103;-1.326050;,
        -0.497317; 3.861103;-2.013506;,
        -0.188749; 4.148952;-0.816660;,
        -0.373715; 4.148952;-0.551602;,
         0.418109; 4.148952; 0.481891;,
         0.543773; 4.148952; 0.284984;,
         1.402559; 3.861103; 0.843726;,
         1.076636; 3.861103; 1.354426;,
         0.380728; 4.148952;-0.691247;,
         0.195762; 4.148952;-0.825963;,
         0.499954; 3.861103;-2.037634;,
         0.979683; 3.861103;-1.688234;,
        -0.494243; 4.148952;-0.365706;,
        -0.546055; 4.148952;-0.188915;,
        -1.424029; 3.861103;-0.385383;,
        -1.289649; 3.861103;-0.843908;,
        -0.373715; 4.148952;-0.551602;,
        -0.494243; 4.148952;-0.365706;,
        -1.289649; 3.861103;-0.843908;,
        -0.977047; 3.861103;-1.326050;,
         1.292285; 3.861103;-0.843908;,
         1.497887; 3.861103;-0.385383;,
         0.580528; 4.148952;-0.188915;,
         0.501256; 4.148952;-0.365706;,
         0.979683; 3.861103;-1.688234;,
         1.292285; 3.861103;-0.843908;,
         0.501256; 4.148952;-0.365706;,
         0.380728; 4.148952;-0.691247;,
        -1.492981; 3.861103; 0.433832;,
        -1.485981; 3.861103;-0.015403;,
        -0.569941; 4.148952;-0.046265;,
        -0.572641; 4.148952; 0.126944;,
        -0.198217; 4.148952; 0.610913;,
         0.003506; 4.148952; 0.622511;,
         0.001318; 3.861103; 1.719138;,
        -0.521872; 3.861103; 1.689059;,
         0.579653; 4.148952; 0.126944;,
         0.576954; 4.148952;-0.046265;,
         1.488617; 3.861103;-0.015403;,
         1.495618; 3.861103; 0.433832;,
         0.524509; 3.861103; 1.689059;,
         0.001318; 3.861103; 1.719138;,
         0.003506; 4.148952; 0.622511;,
         0.205229; 4.148952; 0.610913;,
        -0.546055; 4.148952;-0.188915;,
        -0.569941; 4.148952;-0.046265;,
        -1.485981; 3.861103;-0.015403;,
        -1.424029; 3.861103;-0.385383;,
        -0.521872; 3.861103; 1.689059;,
        -1.073999; 3.861103; 1.354426;,
        -0.411097; 4.148952; 0.481891;,
        -0.198217; 4.148952; 0.610913;,
         1.497887; 3.861103;-0.385383;,
         1.488617; 3.861103;-0.015403;,
         0.576954; 4.148952;-0.046265;,
         0.580528; 4.148952;-0.188915;,
         0.205229; 4.148952; 0.610913;,
         0.418109; 4.148952; 0.481891;,
         1.076636; 3.861103; 1.354426;,
         0.524509; 3.861103; 1.689059;,
        -0.411097; 4.148952; 0.481891;,
        -0.536761; 4.148952; 0.284984;,
         0.004879; 4.164102;-0.065630;,
        -0.373715; 4.148952;-0.551602;,
        -0.188749; 4.148952;-0.816660;,
         0.004879; 4.164102;-0.065630;,
         0.004879; 4.164102;-0.065630;,
         0.543773; 4.148952; 0.284984;,
         0.418109; 4.148952; 0.481891;,
         0.004879; 4.164102;-0.065630;,
         0.195762; 4.148952;-0.825963;,
         0.380728; 4.148952;-0.691247;,
         0.004879; 4.164102;-0.065630;,
        -0.546055; 4.148952;-0.188915;,
        -0.494243; 4.148952;-0.365706;,
         0.004879; 4.164102;-0.065630;,
        -0.494243; 4.148952;-0.365706;,
        -0.373715; 4.148952;-0.551602;,
         0.501256; 4.148952;-0.365706;,
         0.580528; 4.148952;-0.188915;,
         0.004879; 4.164102;-0.065630;,
         0.380728; 4.148952;-0.691247;,
         0.501256; 4.148952;-0.365706;,
         0.004879; 4.164102;-0.065630;,
        -0.572641; 4.148952; 0.126944;,
        -0.569941; 4.148952;-0.046265;,
         0.004879; 4.164102;-0.065630;,
         0.004879; 4.164102;-0.065630;,
         0.003506; 4.148952; 0.622511;,
        -0.198217; 4.148952; 0.610913;,
         0.004879; 4.164102;-0.065630;,
         0.576954; 4.148952;-0.046265;,
         0.579653; 4.148952; 0.126944;,
         0.205229; 4.148952; 0.610913;,
         0.003506; 4.148952; 0.622511;,
         0.004879; 4.164102;-0.065630;,
         0.004879; 4.164102;-0.065630;,
        -0.569941; 4.148952;-0.046265;,
        -0.546055; 4.148952;-0.188915;,
        -0.198217; 4.148952; 0.610913;,
        -0.411097; 4.148952; 0.481891;,
         0.004879; 4.164102;-0.065630;,
         0.580528; 4.148952;-0.188915;,
         0.576954; 4.148952;-0.046265;,
         0.004879; 4.164102;-0.065630;,
         0.004879; 4.164102;-0.065630;,
         0.418109; 4.148952; 0.481891;,
         0.205229; 4.148952; 0.610913;,
         0.004879; 4.164102;-0.065630;,
        -0.536761; 4.148952; 0.284984;,
        -0.572641; 4.148952; 0.126944;,
         0.004879; 4.164102;-0.065630;,
        -0.188749; 4.148952;-0.816660;,
         0.003506; 4.148952;-0.857342;,
         0.579653; 4.148952; 0.126944;,
         0.543773; 4.148952; 0.284984;,
         0.004879; 4.164102;-0.065630;,
         0.003506; 4.148952;-0.857342;,
         0.195762; 4.148952;-0.825963;,
         0.004879; 4.164102;-0.065630;;
        80;
        4;0;1;2;3;,
        4;4;5;6;7;,
        4;8;9;10;11;,
        4;12;13;14;15;,
        4;16;17;18;19;,
        4;20;21;22;23;,
        4;24;25;26;27;,
        4;28;29;30;31;,
        4;32;33;34;35;,
        4;36;37;38;39;,
        4;40;41;42;43;,
        4;44;45;46;47;,
        4;48;49;50;51;,
        4;52;53;54;55;,
        4;56;57;58;59;,
        4;60;61;62;63;,
        4;64;65;66;67;,
        4;68;69;70;71;,
        4;72;73;74;75;,
        4;76;77;78;79;,
        4;80;81;82;83;,
        4;84;85;86;87;,
        4;88;89;90;91;,
        4;92;93;94;95;,
        4;96;97;98;99;,
        4;100;101;102;103;,
        4;104;105;106;107;,
        4;108;109;110;111;,
        4;112;113;114;115;,
        4;116;117;118;119;,
        4;120;121;122;123;,
        4;124;125;126;127;,
        4;128;129;130;131;,
        4;132;133;134;135;,
        4;136;137;138;139;,
        4;140;141;142;143;,
        4;144;145;146;147;,
        4;148;149;150;151;,
        4;152;153;154;155;,
        4;156;157;158;159;,
        4;160;161;162;163;,
        4;164;165;166;167;,
        4;168;169;170;171;,
        4;172;173;174;175;,
        4;176;177;178;179;,
        4;180;181;182;183;,
        4;184;185;186;187;,
        4;188;189;190;191;,
        4;192;193;194;195;,
        4;196;197;198;199;,
        4;200;201;202;203;,
        4;204;205;206;207;,
        4;208;209;210;211;,
        4;212;213;214;215;,
        4;216;217;218;219;,
        4;220;221;222;223;,
        4;224;225;226;227;,
        4;228;229;230;231;,
        4;232;233;234;235;,
        4;236;237;238;239;,
        3;240;241;242;,
        3;243;244;245;,
        3;246;247;248;,
        3;249;250;251;,
        3;252;253;254;,
        3;255;256;257;,
        3;258;259;260;,
        3;261;262;263;,
        3;264;265;266;,
        3;267;268;269;,
        3;270;271;272;,
        3;273;274;275;,
        3;276;277;278;,
        3;279;280;281;,
        3;282;283;284;,
        3;285;286;287;,
        3;288;289;290;,
        3;291;292;293;,
        3;294;295;296;,
        3;297;298;299;;
        MeshNormals { //Plane_002 Normals
          300;
           0.682272;-0.200079;-0.703177;,
           0.905148;-0.186560;-0.381878;,
           0.863063;-0.351573;-0.362590;,
           0.648122;-0.370128;-0.665517;,
           0.791681;-0.275216; 0.545396;,
           0.496200;-0.251930; 0.830836;,
           0.484573;-0.406446; 0.774560;,
           0.761864;-0.382641; 0.522568;,
          -0.863277;-0.350932;-0.362712;,
          -0.905118;-0.186834;-0.381848;,
          -0.682241;-0.200262;-0.703116;,
          -0.648152;-0.369671;-0.665700;,
          -0.350169;-0.408185; 0.843043;,
          -0.371105;-0.226661; 0.900479;,
          -0.764641;-0.213416; 0.608051;,
          -0.732017;-0.374859; 0.568834;,
           0.922758;-0.335795; 0.189062;,
           0.964782;-0.194159; 0.177343;,
           0.900723;-0.262978; 0.345714;,
           0.854915;-0.372539; 0.360942;,
           0.854915;-0.372539; 0.360942;,
           0.900723;-0.262978; 0.345714;,
           0.791681;-0.275216; 0.545396;,
           0.761864;-0.382641; 0.522568;,
          -0.912320;-0.194311; 0.360393;,
          -0.967132;-0.181677; 0.177831;,
          -0.926389;-0.332469; 0.176763;,
          -0.872402;-0.341594; 0.349559;,
          -0.764641;-0.213416; 0.608051;,
          -0.912320;-0.194311; 0.360393;,
          -0.872402;-0.341594; 0.349559;,
          -0.732017;-0.374859; 0.568834;,
           0.978942;-0.174963;-0.104862;,
           0.981780;-0.168096; 0.088351;,
           0.941893;-0.324900; 0.084994;,
           0.936979;-0.334880;-0.099460;,
          -0.000000;-0.379437;-0.925199;,
          -0.000000;-0.202002;-0.979369;,
           0.289834;-0.206946;-0.934416;,
           0.274331;-0.379559;-0.883541;,
          -0.944700;-0.327860;-0.001831;,
          -0.985931;-0.166967; 0.000458;,
          -0.978912;-0.175237;-0.104862;,
          -0.937254;-0.334117;-0.099490;,
          -0.289865;-0.207038;-0.934385;,
          -0.000000;-0.202002;-0.979369;,
          -0.000000;-0.379437;-0.925199;,
          -0.274239;-0.379376;-0.883633;,
           0.941893;-0.324900; 0.084994;,
           0.981780;-0.168096; 0.088351;,
           0.964782;-0.194159; 0.177343;,
           0.922758;-0.335795; 0.189062;,
           0.289834;-0.206946;-0.934416;,
           0.682272;-0.200079;-0.703177;,
           0.648122;-0.370128;-0.665517;,
           0.274331;-0.379559;-0.883541;,
          -0.967132;-0.181677; 0.177831;,
          -0.985931;-0.166967; 0.000458;,
          -0.944700;-0.327860;-0.001831;,
          -0.926389;-0.332469; 0.176763;,
          -0.648152;-0.369671;-0.665700;,
          -0.682241;-0.200262;-0.703116;,
          -0.289865;-0.207038;-0.934385;,
          -0.274239;-0.379376;-0.883633;,
           0.863063;-0.351573;-0.362590;,
           0.905148;-0.186560;-0.381878;,
           0.978942;-0.174963;-0.104862;,
           0.936979;-0.334880;-0.099460;,
           0.484573;-0.406446; 0.774560;,
           0.496200;-0.251930; 0.830836;,
           0.022126;-0.230811; 0.972716;,
           0.021058;-0.416456; 0.908902;,
          -0.978912;-0.175237;-0.104862;,
          -0.905118;-0.186834;-0.381848;,
          -0.863277;-0.350932;-0.362712;,
          -0.937254;-0.334117;-0.099490;,
           0.022126;-0.230811; 0.972716;,
          -0.371105;-0.226661; 0.900479;,
          -0.350169;-0.408185; 0.843043;,
           0.021058;-0.416456; 0.908902;,
           0.631092;-0.762047; 0.144780;,
           0.643971;-0.762719; 0.059206;,
           0.941893;-0.324900; 0.084994;,
           0.922758;-0.335795; 0.189062;,
           0.274331;-0.379559;-0.883541;,
           0.648122;-0.370128;-0.665517;,
           0.435133;-0.785516;-0.439955;,
           0.181555;-0.791559;-0.583453;,
          -0.926389;-0.332469; 0.176763;,
          -0.944700;-0.327860;-0.001831;,
          -0.632710;-0.774377;-0.002991;,
          -0.644917;-0.753227; 0.129215;,
          -0.181768;-0.791314;-0.583728;,
