xof 0303txt 0032

template XSkinMeshHeader {
  <3cf169ce-ff7c-44ab-93c0-f78f62d172e2>
  WORD nMaxSkinWeightsPerVertex;
  WORD nMaxSkinWeightsPerFace;
  WORD nBones;
}

template SkinWeights {
  <6f0d123b-bad2-4167-a0d0-80224f25fabb>
  STRING transformNodeName;
  DWORD nWeights;
  array DWORD vertexIndices[nWeights];
  array float weights[nWeights];
  Matrix4x4 matrixOffset;
}

Frame Root {
  FrameTransformMatrix {
     1.000000, 0.000000, 0.000000, 0.000000,
     0.000000, 0.000000, 1.000000, 0.000000,
     0.000000, 1.000000,-0.000000, 0.000000,
     0.000000, 0.000000, 0.000000, 1.000000;;
  }
  Frame Armature {
    FrameTransformMatrix {
       0.108578, 0.000000, 0.000000, 0.000000,
       0.000000, 0.108578, 0.000000, 0.000000,
       0.000000, 0.000000, 0.108578, 0.000000,
       0.016063,-0.037016, 0.677876, 1.000000;;
    }
    Frame Armature_stomach {
      FrameTransformMatrix {
         0.051712,-0.087021,-0.994863, 0.000000,
         0.013778,-0.996039, 0.087840, 0.000000,
        -0.998567,-0.018250,-0.050308, 0.000000,
        -0.011771, 0.311733,-5.696466, 1.000000;;
      }
      Frame Armature_chest {
        FrameTransformMatrix {
           0.050767, 0.003302,-0.998705, 0.000000,
           0.118204, 0.992946, 0.009292, 0.000000,
           0.991691,-0.118523, 0.050018, 0.000000,
           0.000000, 0.856518,-0.000000, 1.000000;;
        }
        Frame Armature_r_obojczyk {
          FrameTransformMatrix {
            -0.100597,-0.224360, 0.969300, 0.000000,
             0.993243,-0.079311, 0.084724, 0.000000,
             0.057868, 0.971274, 0.230823, 0.000000,
             0.000000, 1.116649,-0.000000, 1.000000;;
          }
          Frame Armature_r_shoulder {
            FrameTransformMatrix {
               0.990130,-0.132183,-0.046580, 0.000000,
               0.064088, 0.722603,-0.688286, 0.000000,
               0.124639, 0.678508, 0.723942, 0.000000,
              -0.000000, 0.591453,-0.000000, 1.000000;;
            }
            Frame Armature_r_arm {
              FrameTransformMatrix {
                 0.852551,-0.271353,-0.446682, 0.000000,
                 0.108306, 0.927832,-0.356928, 0.000000,
                 0.511299, 0.255921, 0.820413, 0.000000,
                -0.000001, 0.310784,-0.000000, 1.000000;;
              }
              Frame Armature_r_arm_top {
                FrameTransformMatrix {
                   0.925626,-0.360978, 0.113627, 0.000000,
                   0.376624, 0.908057,-0.183269, 0.000000,
                  -0.037024, 0.212433, 0.976474, 0.000000,
                  -0.000000, 1.089800,-0.000000, 1.000000;;
                }
                Frame Armature_r_hand {
                  FrameTransformMatrix {
                     0.996518, 0.080062, 0.023283, 0.000000,
                    -0.079291, 0.996327,-0.032336, 0.000000,
                    -0.025786, 0.030377, 0.999206, 0.000000,
                     0.000000, 1.215243, 0.000000, 1.000000;;
                  }
                  Frame Armature_r_hand0 {
                    FrameTransformMatrix {
                       0.357633,-0.792844,-0.493454, 0.000000,
                      -0.102396, 0.491923,-0.864596, 0.000000,
                       0.928231, 0.359736, 0.094743, 0.000000,
                      -0.000000, 0.262412,-0.000001, 1.000000;;
                    }
                    Frame Armature_r_palec0 {
                      FrameTransformMatrix {
                         0.820849, 0.392045, 0.415341, 0.000000,
                        -0.562175, 0.426211, 0.708734, 0.000000,
                         0.100833,-0.815257, 0.570253, 0.000000,
                         0.000000, 0.223437, 0.000000, 1.000000;;
                      }
                      Frame Armature_r_palec0_top {
                        FrameTransformMatrix {
                           0.731495, 0.328109, 0.597712, 0.000000,
                          -0.478497, 0.871523, 0.107182, 0.000000,
                          -0.485753,-0.364406, 0.794514, 0.000000,
                          -0.000000, 0.109899,-0.000001, 1.000000;;
                        }
                      } //End of Armature_r_palec0_top
                    } //End of Armature_r_palec0
                  } //End of Armature_r_hand0
                  Frame Armature_r_hand1 {
                    FrameTransformMatrix {
                       0.352009,-0.324300,-0.878020, 0.000000,
                      -0.065585, 0.927208,-0.368761, 0.000000,
                       0.933696, 0.187392, 0.305116, 0.000000,
                      -0.000000, 0.262412,-0.000001, 1.000000;;
                    }
                    Frame Armature_r_palec1 {
                      FrameTransformMatrix {
                         0.936649, 0.105031, 0.334151, 0.000000,
                        -0.319029, 0.649634, 0.690069, 0.000000,
                        -0.144597,-0.752957, 0.641987, 0.000000,
                        -0.000000, 0.180229, 0.000000, 1.000000;;
                      }
                      Frame Armature_r_palec1_top {
                        FrameTransformMatrix {
                           0.919672,-0.381267,-0.094021, 0.000000,
                           0.385808, 0.921901, 0.035375, 0.000000,
                           0.073191,-0.068807, 0.994941, 0.000000,
                          -0.000000, 0.189031,-0.000000, 1.000000;;
                        }
                      } //End of Armature_r_palec1_top
                    } //End of Armature_r_palec1
                  } //End of Armature_r_hand1
                  Frame Armature_r_hand2 {
                    FrameTransformMatrix {
                       0.738724,-0.111590,-0.664707, 0.000000,
                       0.278435, 0.948641, 0.150183, 0.000000,
                       0.613809,-0.296021, 0.731854, 0.000000,
                      -0.000000, 0.262412,-0.000001, 1.000000;;
                    }
                    Frame Armature_r_palec2 {
                      FrameTransformMatrix {
                         0.983404, 0.020375, 0.180279, 0.000000,
                        -0.054243, 0.981242, 0.184992, 0.000000,
                        -0.173128,-0.191701, 0.966063, 0.000000,
                        -0.000000, 0.179901,-0.000000, 1.000000;;
                      }
                      Frame Armature_r_palec2_top {
                        FrameTransformMatrix {
                           0.585249,-0.523247, 0.619432, 0.000000,
                           0.657141, 0.753604, 0.015707, 0.000000,
                          -0.475025, 0.397862, 0.784893, 0.000000,
                           0.000000, 0.121678, 0.000000, 1.000000;;
                        }
                      } //End of Armature_r_palec2_top
                    } //End of Armature_r_palec2
                  } //End of Armature_r_hand2
                  Frame Armature_r_hand3 {
                    FrameTransformMatrix {
                       0.823464,-0.485431,-0.293706, 0.000000,
                       0.556171, 0.588300, 0.587007, 0.000000,
                      -0.112164,-0.646730, 0.754427, 0.000000,
                      -0.000000, 0.262412,-0.000001, 1.000000;;
                    }
                    Frame Armature_r_palec3 {
                      FrameTransformMatrix {
                         0.936779, 0.267802,-0.225229, 0.000000,
                        -0.342477, 0.833752,-0.433091, 0.000000,
                         0.071803, 0.482846, 0.872757, 0.000000,
                         0.000000, 0.184283, 0.000000, 1.000000;;
                      }
                      Frame Armature_r_palec3_top {
                        FrameTransformMatrix {
                           0.831845,-0.554982, 0.005369, 0.000000,
                           0.554354, 0.830357,-0.056552, 0.000000,
                           0.026927, 0.050019, 0.998385, 0.000000,
                          -0.000000, 0.148338,-0.000000, 1.000000;;
                        }
                      } //End of Armature_r_palec3_top
                    } //End of Armature_r_palec3
                  } //End of Armature_r_hand3
                  Frame Armature_r_hand4 {
                    FrameTransformMatrix {
                       0.658363,-0.729107,-0.186980, 0.000000,
                       0.476299, 0.211192, 0.853544, 0.000000,
                      -0.582837,-0.651000, 0.486314, 0.000000,
                      -0.000000, 0.262412,-0.000001, 1.000000;;
                    }
                    Frame Armature_r_palec4 {
                      FrameTransformMatrix {
                         0.947359, 0.239559,-0.212418, 0.000000,
                        -0.314774, 0.575573,-0.754740, 0.000000,
                        -0.058543, 0.781874, 0.620682, 0.000000,
                         0.000000, 0.206932,-0.000000, 1.000000;;
                      }
                      Frame Armature_r_palec4_top {
                        FrameTransformMatrix {
                           0.996429,-0.039367,-0.074699, 0.000000,
                           0.026947, 0.986663,-0.160530, 0.000000,
                           0.080023, 0.157944, 0.984200, 0.000000,
                           0.000000, 0.106005, 0.000000, 1.000000;;
                        }
                      } //End of Armature_r_palec4_top
                    } //End of Armature_r_palec4
                  } //End of Armature_r_hand4
                } //End of Armature_r_hand
              } //End of Armature_r_arm_top
            } //End of Armature_r_arm
          } //End of Armature_r_shoulder
        } //End of Armature_r_obojczyk
        Frame Armature_head {
          FrameTransformMatrix {
             0.999997,-0.001788,-0.001489, 0.000000,
             0.001923, 0.995340, 0.096409, 0.000000,
             0.001309,-0.096412, 0.995341, 0.000000,
             0.000000, 1.116649,-0.000000, 1.000000;;
          }
        } //End of Armature_head
        Frame Armature_l_obojczyk {
          FrameTransformMatrix {
            -0.119280, 0.990239,-0.072112, 0.000000,
            -0.990683,-0.113896, 0.074663, 0.000000,
             0.065721, 0.080346, 0.994598, 0.000000,
             0.000000, 1.116649,-0.000000, 1.000000;;
          }
          Frame Armature_l_shoulder {
            FrameTransformMatrix {
               0.133394, 0.273112, 0.952689, 0.000000,
              -0.616274, 0.775686,-0.136080, 0.000000,
              -0.776152,-0.568965, 0.271783, 0.000000,
               0.000000, 0.666081,-0.000000, 1.000000;;
            }
            Frame Armature_l_arm {
              FrameTransformMatrix {
                 0.827507, 0.395109,-0.398900, 0.000000,
                -0.124729, 0.822089, 0.555529, 0.000000,
                 0.547426,-0.409950, 0.729566, 0.000000,
                -0.000000, 0.310784,-0.000000, 1.000000;;
              }
              Frame Armature_l_arm_top {
                FrameTransformMatrix {
                   0.884384, 0.069663, 0.461533, 0.000000,
                  -0.151899, 0.977930, 0.143460, 0.000000,
                  -0.441352,-0.196980, 0.875447, 0.000000,
                  -0.000000, 1.031097, 0.000000, 1.000000;;
                }
                Frame Armature_l_hand {
                  FrameTransformMatrix {
                     0.953790, 0.258472, 0.153218, 0.000000,
                    -0.213313, 0.941599,-0.260554, 0.000000,
                    -0.211616, 0.215831, 0.953224, 0.000000,
                    -0.000000, 1.215243, 0.000000, 1.000000;;
                  }
                  Frame Armature_l_hand0 {
                    FrameTransformMatrix {
                       0.081916, 0.772655,-0.629519, 0.000000,
                      -0.715602, 0.485239, 0.502452, 0.000000,
                       0.693689, 0.409326, 0.592662, 0.000000,
                      -0.000001, 0.262413, 0.000000, 1.000000;;
                    }
                    Frame Armature_l_palec0 {
                      FrameTransformMatrix {
                         0.692108,-0.686767,-0.222123, 0.000000,
                         0.493829, 0.226099, 0.839650, 0.000000,
                        -0.526422,-0.690819, 0.495630, 0.000000,
                        -0.000000, 0.223437, 0.000000, 1.000000;;
                      }
                      Frame Armature_l_palec0_top {
                        FrameTransformMatrix {
                           0.999693, 0.022099,-0.011198, 0.000000,
                          -0.019664, 0.982742, 0.183931, 0.000000,
                           0.015069,-0.183654, 0.982875, 0.000000,
                          -0.000000, 0.109898,-0.000000, 1.000000;;
                        }
                      } //End of Armature_l_palec0_top
                    } //End of Armature_l_palec0
                  } //End of Armature_l_hand0
                  Frame Armature_l_hand1 {
                    FrameTransformMatrix {
                       0.572524, 0.380425,-0.726287, 0.000000,
                      -0.384101, 0.907065, 0.172333, 0.000000,
                       0.724350, 0.180303, 0.665439, 0.000000,
                      -0.000001, 0.262413, 0.000000, 1.000000;;
                    }
                    Frame Armature_l_palec1 {
                      FrameTransformMatrix {
                         0.894391,-0.182514,-0.408356, 0.000000,
                         0.427368, 0.618110, 0.659770, 0.000000,
                         0.131992,-0.764610, 0.630832, 0.000000,
                        -0.000000, 0.180229, 0.000000, 1.000000;;
                      }
                      Frame Armature_l_palec1_top {
                        FrameTransformMatrix {
                           0.847973, 0.496437, 0.185719, 0.000000,
                          -0.517314, 0.851464, 0.085994, 0.000000,
                          -0.115442,-0.168995, 0.978833, 0.000000,
                           0.000000, 0.189032, 0.000000, 1.000000;;
                        }
                      } //End of Armature_l_palec1_top
                    } //End of Armature_l_palec1
                  } //End of Armature_l_hand1
                  Frame Armature_l_hand2 {
                    FrameTransformMatrix {
                       0.211792, 0.111590,-0.970924, 0.000000,
                       0.268336, 0.948641, 0.167562, 0.000000,
                       0.939755,-0.296021, 0.170971, 0.000000,
                      -0.000001, 0.262413, 0.000000, 1.000000;;
                    }
                    Frame Armature_l_palec2 {
                      FrameTransformMatrix {
                         0.973852, 0.119139,-0.193439, 0.000000,
                        -0.068424, 0.965741, 0.250324, 0.000000,
                         0.216636,-0.230543, 0.948641, 0.000000,
                        -0.000000, 0.179901,-0.000000, 1.000000;;
                      }
                      Frame Armature_l_palec2_top {
                        FrameTransformMatrix {
                           0.737892, 0.193950, 0.646452, 0.000000,
                          -0.230913, 0.972565,-0.028215, 0.000000,
                          -0.634189,-0.128455, 0.762433, 0.000000,
                          -0.000000, 0.121677, 0.000000, 1.000000;;
                        }
                      } //End of Armature_l_palec2_top
                    } //End of Armature_l_palec2
                  } //End of Armature_l_hand2
                  Frame Armature_l_hand3 {
                    FrameTransformMatrix {
                      -0.153656, 0.497021,-0.854026, 0.000000,
                       0.781967, 0.589542, 0.202407, 0.000000,
                       0.604084,-0.636719,-0.479240, 0.000000,
                      -0.000001, 0.262413, 0.000000, 1.000000;;
                    }
                    Frame Armature_l_palec3 {
                      FrameTransformMatrix {
                         0.990091,-0.121227,-0.070876, 0.000000,
                         0.071370, 0.869083,-0.489491, 0.000000,
                         0.120937, 0.479582, 0.869123, 0.000000,
                         0.000000, 0.184282,-0.000000, 1.000000;;
                      }
                      Frame Armature_l_palec3_top {
                        FrameTransformMatrix {
                           0.989628, 0.082301, 0.117741, 0.000000,
                          -0.071718, 0.993222,-0.091468, 0.000000,
                          -0.124471, 0.082075, 0.988823, 0.000000,
                          -0.000000, 0.108892,-0.000000, 1.000000;;
                        }
                      } //End of Armature_l_palec3_top
                    } //End of Armature_l_palec3
                  } //End of Armature_l_hand3
                  Frame Armature_l_hand4 {
                    FrameTransformMatrix {
                      -0.177508, 0.769799,-0.613108, 0.000000,
                       0.971673, 0.235865, 0.014824, 0.000000,
                       0.156022,-0.593109,-0.789860, 0.000000,
                      -0.000001, 0.262413, 0.000000, 1.000000;;
                    }
                    Frame Armature_l_palec4 {
                      FrameTransformMatrix {
                         0.943168,-0.236290, 0.233671, 0.000000,
                         0.332316, 0.672652,-0.661139, 0.000000,
                        -0.000959, 0.701218, 0.712946, 0.000000,
                         0.000000, 0.206933, 0.000000, 1.000000;;
                      }
                      Frame Armature_l_palec4_top {
                        FrameTransformMatrix {
                           0.998934, 0.043359, 0.015862, 0.000000,
                          -0.040107, 0.985124,-0.167098, 0.000000,
                          -0.022872, 0.166284, 0.985813, 0.000000,
                           0.000000, 0.106004, 0.000000, 1.000000;;
                        }
                      } //End of Armature_l_palec4_top
                    } //End of Armature_l_palec4
                  } //End of Armature_l_hand4
                } //End of Armature_l_hand
              } //End of Armature_l_arm_top
            } //End of Armature_l_arm
          } //End of Armature_l_shoulder
        } //End of Armature_l_obojczyk
      } //End of Armature_chest
    } //End of Armature_stomach
    Frame Armature_r_biodro {
      FrameTransformMatrix {
        -0.504061, 0.625603,-0.595435, 0.000000,
         0.769560, 0.638287, 0.019162, 0.000000,
         0.392047,-0.448564,-0.803174, 0.000000,
        -0.011771, 0.310808,-5.700426, 1.000000;;
      }
      Frame Armature_r_udo {
        FrameTransformMatrix {
           0.575860,-0.763287,-0.292880, 0.000000,
           0.636006, 0.643348,-0.426145, 0.000000,
           0.513695, 0.059126, 0.855933, 0.000000,
          -0.000000, 0.575129, 0.000000, 1.000000;;
        }
        Frame Armature_r_lydka {
          FrameTransformMatrix {
             0.999866, 0.015005,-0.006536, 0.000000,
            -0.015170, 0.999547,-0.025985, 0.000000,
             0.006143, 0.026081, 0.999641, 0.000000,
            -0.000000, 1.841818,-0.000000, 1.000000;;
          }
          Frame Armature_r_stopa {
            FrameTransformMatrix {
               0.935164,-0.180127,-0.304996, 0.000000,
              -0.313400,-0.019488,-0.949421, 0.000000,
               0.165073, 0.983450,-0.074676, 0.000000,
              -0.000000, 2.034581, 0.000000, 1.000000;;
            }
          } //End of Armature_r_stopa
        } //End of Armature_r_lydka
      } //End of Armature_r_udo
    } //End of Armature_r_biodro
    Frame Armature_l_biodro {
      FrameTransformMatrix {
        -0.479140,-0.608591,-0.632488, 0.000000,
        -0.794698, 0.606731, 0.018215, 0.000000,
         0.372665, 0.511365,-0.774356, 0.000000,
        -0.020388, 0.326657,-5.699951, 1.000000;;
      }
      Frame Armature_l_udo {
        FrameTransformMatrix {
           0.579041, 0.755374,-0.306791, 0.000000,
          -0.527659, 0.634067, 0.565275, 0.000000,
           0.621520,-0.165436, 0.765731, 0.000000,
          -0.000000, 0.605042,-0.000000, 1.000000;;
        }
        Frame Armature_l_lydka {
          FrameTransformMatrix {
             0.998831, 0.044678,-0.018438, 0.000000,
            -0.046694, 0.990493,-0.129398, 0.000000,
             0.012482, 0.130107, 0.991421, 0.000000,
            -0.000000, 1.841818,-0.000001, 1.000000;;
          }
          Frame Armature_l_stopa {
            FrameTransformMatrix {
               0.926470, 0.127031, 0.354283, 0.000000,
               0.351490, 0.044527,-0.935132, 0.000000,
              -0.134566, 0.990899,-0.003397, 0.000000,
              -0.000000, 2.024738, 0.000000, 1.000000;;
            }
          } //End of Armature_l_stopa
        } //End of Armature_l_lydka
      } //End of Armature_l_udo
    } //End of Armature_l_biodro
    Frame Plane_003 {
      FrameTransformMatrix {
         0.157260, 0.000000, 0.000000, 0.000000,
        -0.000000, 0.000000, 0.157260, 0.000000,
        -0.000000,-0.157260, 0.000000, 0.000000,
         0.002410, 0.344104, 0.987210, 1.000000;;
      }
      Mesh { //Plane_002 Mesh
        502;
         4.834171;-20.764034;-0.949549;,
         5.677359;-20.434324; 0.669224;,
         5.063210;-17.543205; 0.739604;,
         4.410445;-17.823463;-0.963071;,
         4.474778;-17.548534; 2.816436;,
         5.063210;-17.543205; 0.739604;,
         5.677359;-20.434324; 0.669224;,
         5.034242;-20.452911; 3.769967;,
         4.953842;-24.215448;-0.949548;,
         5.801240;-24.007172; 0.669225;,
         5.677359;-20.434324; 0.669224;,
         4.834171;-20.764034;-0.949549;,
         5.034242;-20.452911; 3.769967;,
         5.677359;-20.434324; 0.669224;,
         5.801240;-24.007172; 0.669225;,
         5.157234;-23.162607; 4.353249;,
         0.749864;-18.118252;-2.680654;,
        -0.013903;-18.118252;-2.680654;,
        -0.013834;-21.433647;-2.660354;,
         0.608510;-21.267555;-2.660354;,
         0.749864;-18.118252;-2.680654;,
         0.608510;-21.267555;-2.660354;,
         3.133957;-20.880009;-2.235226;,
         2.785071;-18.118252;-2.253842;,
         2.785071;-18.118252;-2.253842;,
         3.133957;-20.880009;-2.235226;,
         4.834171;-20.764034;-0.949549;,
         4.410445;-17.823463;-0.963071;,
         0.608510;-21.267555;-2.660354;,
        -0.013834;-21.433647;-2.660354;,
        -0.013834;-22.279791;-2.254205;,
         0.442440;-22.113701;-2.254205;,
         0.442440;-22.113701;-2.254205;,
        -0.013834;-22.279791;-2.254205;,
        -0.013834;-22.947029;-0.088074;,
         0.235818;-23.171547;-0.194616;,
         0.235818;-23.171547;-0.194616;,
        -0.013834;-22.947029;-0.088074;,
        -0.014187;-23.007050; 2.236177;,
         0.159479;-23.145555; 2.179575;,
         0.159479;-23.145555; 2.179575;,
        -0.014187;-23.007050; 2.236177;,
        -0.014187;-21.901705; 4.517906;,
         0.582152;-21.746687; 4.900558;,
         4.834171;-20.764034;-0.949549;,
         3.133957;-20.880009;-2.235226;,
         3.078609;-22.817654;-2.235226;,
         4.953842;-24.215448;-0.949548;,
         3.078609;-22.817654;-2.235226;,
         3.133957;-20.880009;-2.235226;,
         0.608510;-21.267555;-2.660354;,
         0.442440;-22.113701;-2.254205;,
         4.474778;-17.548534; 2.816436;,
         5.034242;-20.452911; 3.769967;,
         2.320698;-19.750547; 4.834398;,
         1.867424;-17.346676; 3.854014;,
         1.867424;-17.346676; 3.854014;,
         2.320698;-19.750547; 4.834398;,
         0.000977;-19.545961; 5.127342;,
         0.015722;-17.346676; 3.606541;,
         5.157234;-23.162607; 4.353249;,
         2.451558;-22.224131; 5.712272;,
         2.320698;-19.750547; 4.834398;,
         5.034242;-20.452911; 3.769967;,
        -0.014187;-21.901705; 4.517906;,
         0.000977;-19.545961; 5.127342;,
         0.582152;-21.746687; 4.900558;,
         2.451558;-22.224131; 5.712272;,
         0.582152;-21.746687; 4.900558;,
         0.000977;-19.545961; 5.127342;,
         2.320698;-19.750547; 4.834398;,
         0.582152;-21.746687; 4.900558;,
         2.451558;-22.224131; 5.712272;,
         3.362237;-26.486233; 5.093545;,
         1.574324;-26.568460; 4.155710;,
         0.159479;-23.145555; 2.179575;,
         0.582152;-21.746687; 4.900558;,
         1.574324;-26.568460; 4.155710;,
         0.594788;-26.766712; 1.932828;,
         0.442440;-22.113701;-2.254205;,
         0.235818;-23.171547;-0.194616;,
         0.809451;-26.917341;-0.346958;,
         1.837806;-26.708143;-1.913195;,
         4.953842;-24.215448;-0.949548;,
         3.078609;-22.817654;-2.235226;,
         3.827765;-26.658569;-1.953181;,
         5.465974;-26.724983;-0.862973;,
         5.157234;-23.162607; 4.353249;,
         5.801240;-24.007172; 0.669225;,
         6.067182;-26.555182; 0.806559;,
         5.420333;-26.475842; 3.148136;,
         1.837806;-26.708143;-1.913195;,
         3.827765;-26.658569;-1.953181;,
         3.078609;-22.817654;-2.235226;,
         0.442440;-22.113701;-2.254205;,
         0.235818;-23.171547;-0.194616;,
         0.159479;-23.145555; 2.179575;,
         0.594788;-26.766712; 1.932828;,
         0.809451;-26.917341;-0.346958;,
         5.465974;-26.724983;-0.862973;,
         6.067182;-26.555182; 0.806559;,
         5.801240;-24.007172; 0.669225;,
         4.953842;-24.215448;-0.949548;,
         5.420333;-26.475842; 3.148136;,
         3.362237;-26.486233; 5.093545;,
         2.451558;-22.224131; 5.712272;,
         5.157234;-23.162607; 4.353249;,
         0.594788;-26.766712; 1.932828;,
         1.574324;-26.568460; 4.155710;,
         2.184727;-29.827579; 4.136445;,
         1.278725;-29.994528; 2.235163;,
         5.465974;-26.724983;-0.862973;,
         3.827765;-26.658569;-1.953181;,
         4.175960;-30.422356;-2.184180;,
         5.646322;-30.185020;-1.194808;,
         2.389369;-30.471148;-2.068019;,
         4.175960;-30.422356;-2.184180;,
         3.827765;-26.658569;-1.953181;,
         1.837806;-26.708143;-1.913195;,
         5.420333;-26.475842; 3.148136;,
         6.067182;-26.555182; 0.806559;,
         6.184462;-29.597603; 0.691117;,
         5.620924;-29.513296; 3.218483;,
         5.620924;-29.513296; 3.218483;,
         3.820215;-29.656214; 4.802126;,
         3.362237;-26.486233; 5.093545;,
         5.420333;-26.475842; 3.148136;,
         5.646322;-30.185020;-1.194808;,
         6.184462;-29.597603; 0.691117;,
         6.067182;-26.555182; 0.806559;,
         5.465974;-26.724983;-0.862973;,
         1.574324;-26.568460; 4.155710;,
         3.362237;-26.486233; 5.093545;,
         3.820215;-29.656214; 4.802126;,
         2.184727;-29.827579; 4.136445;,
         1.837806;-26.708143;-1.913195;,
         0.809451;-26.917341;-0.346958;,
         1.495178;-30.143343;-0.463705;,
         2.389369;-30.471148;-2.068019;,
         0.809451;-26.917341;-0.346958;,
         0.594788;-26.766712; 1.932828;,
         1.278725;-29.994528; 2.235163;,
         1.495178;-30.143343;-0.463705;,
         1.278725;-29.994528; 2.235163;,
         2.184727;-29.827579; 4.136445;,
         2.675012;-32.883713; 3.956907;,
         2.125697;-33.040939; 1.505156;,
         5.646322;-30.185020;-1.194808;,
         4.175960;-30.422356;-2.184180;,
         4.463815;-33.036568;-2.008144;,
         6.020851;-32.912491;-1.176627;,
         2.699584;-33.160908;-1.902486;,
         4.463815;-33.036568;-2.008144;,
         4.175960;-30.422356;-2.184180;,
         2.389369;-30.471148;-2.068019;,
         5.620924;-29.513296; 3.218483;,
         6.184462;-29.597603; 0.691117;,
         6.594857;-32.632248; 0.488891;,
         6.054999;-32.627453; 3.397836;,
         6.054999;-32.627453; 3.397836;,
         4.224301;-32.732628; 4.497765;,
         3.820215;-29.656214; 4.802126;,
         5.620924;-29.513296; 3.218483;,
         6.020851;-32.912491;-1.176627;,
         6.594857;-32.632248; 0.488891;,
         6.184462;-29.597603; 0.691117;,
         5.646322;-30.185020;-1.194808;,
         2.184727;-29.827579; 4.136445;,
         3.820215;-29.656214; 4.802126;,
         4.224301;-32.732628; 4.497765;,
         2.675012;-32.883713; 3.956907;,
         2.389369;-30.471148;-2.068019;,
         1.495178;-30.143343;-0.463705;,
         2.044683;-33.107334;-0.450884;,
         2.699584;-33.160908;-1.902486;,
         1.495178;-30.143343;-0.463705;,
         1.278725;-29.994528; 2.235163;,
         2.125697;-33.040939; 1.505156;,
         2.044683;-33.107334;-0.450884;,
         6.020851;-32.912491;-1.176627;,
         4.463815;-33.036568;-2.008144;,
         4.997186;-36.456760;-1.526410;,
         6.375567;-36.252964;-0.668450;,
         3.403006;-36.608963;-1.498072;,
         4.997186;-36.456760;-1.526410;,
         4.463815;-33.036568;-2.008144;,
         2.699584;-33.160908;-1.902486;,
         6.054999;-32.627453; 3.397836;,
         6.594857;-32.632248; 0.488891;,
         6.866948;-36.026157; 0.680796;,
         6.337337;-35.900978; 3.629457;,
         6.337337;-35.900978; 3.629457;,
         4.581626;-35.905106; 4.776462;,
         4.224301;-32.732628; 4.497765;,
         6.054999;-32.627453; 3.397836;,
         6.375567;-36.252964;-0.668450;,
         6.866948;-36.026157; 0.680796;,
         6.594857;-32.632248; 0.488891;,
         6.020851;-32.912491;-1.176627;,
         2.675012;-32.883713; 3.956907;,
         4.224301;-32.732628; 4.497765;,
         4.581626;-35.905106; 4.776462;,
         3.171990;-36.101379; 4.234552;,
         2.699584;-33.160908;-1.902486;,
         2.044683;-33.107334;-0.450884;,
         2.506911;-36.584747;-0.186145;,
         3.403006;-36.608963;-1.498072;,
         2.044683;-33.107334;-0.450884;,
         2.125697;-33.040939; 1.505156;,
         2.689529;-36.365921; 1.632609;,
         2.506911;-36.584747;-0.186145;,
         2.125697;-33.040939; 1.505156;,
         2.675012;-32.883713; 3.956907;,
         3.171990;-36.101379; 4.234552;,
         2.689529;-36.365921; 1.632609;,
         6.375567;-36.252964;-0.668450;,
         4.997186;-36.456760;-1.526410;,
         5.821279;-43.019295;-0.488262;,
         6.974639;-42.830254; 0.395338;,
         4.372159;-43.167179;-0.571809;,
         5.821279;-43.019295;-0.488262;,
         4.997186;-36.456760;-1.526410;,
         3.403006;-36.608963;-1.498072;,
         6.337337;-35.900978; 3.629457;,
         6.866948;-36.026157; 0.680796;,
         7.320373;-42.623276; 1.492964;,
         6.864029;-42.497345; 2.793491;,
         6.864029;-42.497345; 2.793491;,
         5.099715;-42.466785; 3.897404;,
         4.581626;-35.905106; 4.776462;,
         6.337337;-35.900978; 3.629457;,
         6.974639;-42.830254; 0.395338;,
         7.320373;-42.623276; 1.492964;,
         6.866948;-36.026157; 0.680796;,
         6.375567;-36.252964;-0.668450;,
         3.171990;-36.101379; 4.234552;,
         4.581626;-35.905106; 4.776462;,
         5.099715;-42.466785; 3.897404;,
         4.062605;-42.666649; 3.173279;,
         3.403006;-36.608963;-1.498072;,
         2.506911;-36.584747;-0.186145;,
         3.721426;-43.156590; 0.426919;,
         4.372159;-43.167179;-0.571809;,
         2.506911;-36.584747;-0.186145;,
         2.689529;-36.365921; 1.632609;,
         3.635429;-42.907291; 2.253483;,
         3.721426;-43.156590; 0.426919;,
         2.689529;-36.365921; 1.632609;,
         3.171990;-36.101379; 4.234552;,
         4.062605;-42.666649; 3.173279;,
         3.635429;-42.907291; 2.253483;,
        -5.063207;-17.543205; 0.739604;,
        -5.677238;-20.434324; 0.669224;,
        -4.834139;-20.764034;-0.949549;,
        -4.410442;-17.823463;-0.963071;,
        -5.677238;-20.434324; 0.669224;,
        -5.063207;-17.543205; 0.739604;,
        -4.474775;-17.548534; 2.816436;,
        -5.034147;-20.452911; 3.769967;,
        -5.677238;-20.434324; 0.669224;,
        -5.801118;-24.007172; 0.669225;,
        -4.953810;-24.215448;-0.949548;,
        -4.834139;-20.764034;-0.949549;,
        -5.801118;-24.007172; 0.669225;,
        -5.677238;-20.434324; 0.669224;,
        -5.034147;-20.452911; 3.769967;,
        -5.157139;-23.162607; 4.353249;,
        -0.013834;-21.433647;-2.660354;,
        -0.013903;-18.118252;-2.680654;,
        -0.749860;-18.118252;-2.680654;,
        -0.608478;-21.267555;-2.660354;,
        -3.133925;-20.880009;-2.235226;,
        -0.608478;-21.267555;-2.660354;,
        -0.749860;-18.118252;-2.680654;,
        -2.785068;-18.118252;-2.253842;,
        -4.834139;-20.764034;-0.949549;,
        -3.133925;-20.880009;-2.235226;,
        -2.785068;-18.118252;-2.253842;,
        -4.410442;-17.823463;-0.963071;,
        -0.013834;-22.279791;-2.254205;,
        -0.013834;-21.433647;-2.660354;,
        -0.608478;-21.267555;-2.660354;,
        -0.442408;-22.113701;-2.254205;,
        -0.013834;-22.947029;-0.088074;,
        -0.013834;-22.279791;-2.254205;,
        -0.442408;-22.113701;-2.254205;,
        -0.235696;-23.171547;-0.194616;,
        -0.014187;-23.007050; 2.236177;,
        -0.013834;-22.947029;-0.088074;,
        -0.235696;-23.171547;-0.194616;,
        -0.160367;-23.145555; 2.179575;,
        -0.014187;-21.901705; 4.517906;,
        -0.014187;-23.007050; 2.236177;,
        -0.160367;-23.145555; 2.179575;,
        -0.536848;-21.746687; 5.449941;,
        -3.078578;-22.817654;-2.235226;,
        -3.133925;-20.880009;-2.235226;,
        -4.834139;-20.764034;-0.949549;,
        -4.953810;-24.215448;-0.949548;,
        -0.608478;-21.267555;-2.660354;,
        -3.133925;-20.880009;-2.235226;,
        -3.078578;-22.817654;-2.235226;,
        -0.442408;-22.113701;-2.254205;,
        -2.320602;-19.750547; 4.834398;,
        -5.034147;-20.452911; 3.769967;,
        -4.474775;-17.548534; 2.816436;,
        -1.867420;-17.346676; 3.854014;,
         0.000977;-19.545961; 5.127342;,
        -2.320602;-19.750547; 4.834398;,
        -1.867420;-17.346676; 3.854014;,
         0.015722;-17.346676; 3.606541;,
        -2.320602;-19.750547; 4.834398;,
        -2.451462;-22.224131; 5.712272;,
        -5.157139;-23.162607; 4.353249;,
        -5.034147;-20.452911; 3.769967;,
         0.000977;-19.545961; 5.127342;,
        -0.014187;-21.901705; 4.517906;,
        -0.536848;-21.746687; 5.449941;,
         0.000977;-19.545961; 5.127342;,
        -0.536848;-21.746687; 5.449941;,
        -2.451462;-22.224131; 5.712272;,
        -2.320602;-19.750547; 4.834398;,
        -3.361297;-26.487104; 5.073721;,
        -2.451462;-22.224131; 5.712272;,
        -0.536848;-21.746687; 5.449941;,
        -1.538067;-26.568821; 3.841560;,
        -1.538067;-26.568821; 3.841560;,
        -0.536848;-21.746687; 5.449941;,
        -0.160367;-23.145555; 2.179575;,
        -0.608829;-26.765354; 1.926301;,
        -0.829989;-26.915707;-0.340500;,
        -0.235696;-23.171547;-0.194616;,
        -0.442408;-22.113701;-2.254205;,
        -1.871522;-26.708130;-1.897428;,
        -3.827620;-26.658976;-1.924130;,
        -3.078578;-22.817654;-2.235226;,
        -4.953810;-24.215448;-0.949548;,
        -5.441124;-26.724953;-0.799683;,
        -6.047075;-26.555729; 0.819320;,
        -5.801118;-24.007172; 0.669225;,
        -5.157139;-23.162607; 4.353249;,
        -5.406848;-26.476768; 3.433389;,
        -3.078578;-22.817654;-2.235226;,
        -3.827620;-26.658976;-1.924130;,
        -1.871522;-26.708130;-1.897428;,
        -0.442408;-22.113701;-2.254205;,
        -0.608829;-26.765354; 1.926301;,
        -0.160367;-23.145555; 2.179575;,
        -0.235696;-23.171547;-0.194616;,
        -0.829989;-26.915707;-0.340500;,
        -5.801118;-24.007172; 0.669225;,
        -6.047075;-26.555729; 0.819320;,
        -5.441124;-26.724953;-0.799683;,
        -4.953810;-24.215448;-0.949548;,
        -2.451462;-22.224131; 5.712272;,
        -3.361297;-26.487104; 5.073721;,
        -5.406848;-26.476768; 3.433389;,
        -5.157139;-23.162607; 4.353249;,
        -2.205340;-29.828293; 4.099061;,
        -1.538067;-26.568821; 3.841560;,
        -0.608829;-26.765354; 1.926301;,
        -1.359178;-29.992552; 2.215659;,
        -4.194184;-30.418980;-2.044839;,
        -3.827620;-26.658976;-1.924130;,
        -5.441124;-26.724953;-0.799683;,
        -5.529867;-30.184521;-0.768570;,
        -3.827620;-26.658976;-1.924130;,
        -4.194184;-30.418980;-2.044839;,
        -2.599820;-30.466078;-2.027345;,
        -1.871522;-26.708130;-1.897428;,
        -6.121251;-29.602436; 0.786247;,
        -6.047075;-26.555729; 0.819320;,
        -5.406848;-26.476768; 3.433389;,
        -5.587361;-29.518763; 3.186810;,
        -3.361297;-26.487104; 5.073721;,
        -3.817757;-29.659706; 4.751276;,
        -5.587361;-29.518763; 3.186810;,
        -5.406848;-26.476768; 3.433389;,
        -6.047075;-26.555729; 0.819320;,
        -6.121251;-29.602436; 0.786247;,
        -5.529867;-30.184521;-0.768570;,
        -5.441124;-26.724953;-0.799683;,
        -3.817757;-29.659706; 4.751276;,
        -3.361297;-26.487104; 5.073721;,
        -1.538067;-26.568821; 3.841560;,
        -2.205340;-29.828293; 4.099061;,
        -1.576555;-30.139683;-0.448206;,
        -0.829989;-26.915707;-0.340500;,
        -1.871522;-26.708130;-1.897428;,
        -2.599820;-30.466078;-2.027345;,
        -1.359178;-29.992552; 2.215659;,
        -0.608829;-26.765354; 1.926301;,
        -0.829989;-26.915707;-0.340500;,
        -1.576555;-30.139683;-0.448206;,
        -2.865789;-32.883579; 4.210359;,
        -2.205340;-29.828293; 4.099061;,
        -1.359178;-29.992552; 2.215659;,
        -2.292374;-33.027348; 1.418956;,
        -4.460032;-33.030094;-1.717783;,
        -4.194184;-30.418980;-2.044839;,
        -5.529867;-30.184521;-0.768570;,
        -5.797589;-32.917225;-0.586351;,
        -4.194184;-30.418980;-2.044839;,
        -4.460032;-33.030094;-1.717783;,
        -2.999371;-33.144268;-1.712330;,
        -2.599820;-30.466078;-2.027345;,
        -6.375189;-32.651268; 0.574736;,
        -6.121251;-29.602436; 0.786247;,
        -5.587361;-29.518763; 3.186810;,
        -5.893250;-32.648003; 3.692001;,
        -3.817757;-29.659706; 4.751276;,
        -4.214015;-32.745220; 4.701929;,
        -5.893250;-32.648003; 3.692001;,
        -5.587361;-29.518763; 3.186810;,
        -6.121251;-29.602436; 0.786247;,
        -6.375189;-32.651268; 0.574736;,
        -5.797589;-32.917225;-0.586351;,
        -5.529867;-30.184521;-0.768570;,
        -4.214015;-32.745220; 4.701929;,
        -3.817757;-29.659706; 4.751276;,
        -2.205340;-29.828293; 4.099061;,
        -2.865789;-32.883579; 4.210359;,
        -2.251950;-33.087280;-0.379575;,
        -1.576555;-30.139683;-0.448206;,
        -2.599820;-30.466078;-2.027345;,
        -2.999371;-33.144268;-1.712330;,
        -2.292374;-33.027348; 1.418956;,
        -1.359178;-29.992552; 2.215659;,
        -1.576555;-30.139683;-0.448206;,
        -2.251950;-33.087280;-0.379575;,
        -4.977617;-36.443947;-1.400604;,
        -4.460032;-33.030094;-1.717783;,
        -5.797589;-32.917225;-0.586351;,
        -6.267587;-36.252380;-0.493977;,
        -4.460032;-33.030094;-1.717783;,
        -4.977617;-36.443947;-1.400604;,
        -3.503125;-36.587811;-1.377781;,
        -2.999371;-33.144268;-1.712330;,
        -6.740021;-36.038280; 0.686148;,
        -6.375189;-32.651268; 0.574736;,
