xof 0303txt 0032

template XSkinMeshHeader {
  <3cf169ce-ff7c-44ab-93c0-f78f62d172e2>
  WORD nMaxSkinWeightsPerVertex;
  WORD nMaxSkinWeightsPerFace;
  WORD nBones;
}

template SkinWeights {
  <6f0d123b-bad2-4167-a0d0-80224f25fabb>
  STRING transformNodeName;
  DWORD nWeights;
  array DWORD vertexIndices[nWeights];
  array float weights[nWeights];
  Matrix4x4 matrixOffset;
}

Frame Root {
  FrameTransformMatrix {
     1.000000, 0.000000, 0.000000, 0.000000,
     0.000000, 0.000000, 1.000000, 0.000000,
     0.000000, 1.000000,-0.000000, 0.000000,
     0.000000, 0.000000, 0.000000, 1.000000;;
  }
  Frame Armature {
    FrameTransformMatrix {
       0.108578, 0.000000, 0.000000, 0.000000,
       0.000000, 0.108578, 0.000000, 0.000000,
       0.000000, 0.000000, 0.108578, 0.000000,
       0.016063,-0.037016, 0.677876, 1.000000;;
    }
    Frame Armature_stomach {
      FrameTransformMatrix {
         0.051712,-0.087021,-0.994863, 0.000000,
         0.013778,-0.996039, 0.087840, 0.000000,
        -0.998567,-0.018250,-0.050308, 0.000000,
        -0.011771, 0.311733,-5.696466, 1.000000;;
      }
      Frame Armature_chest {
        FrameTransformMatrix {
           0.050767, 0.003302,-0.998705, 0.000000,
           0.118204, 0.992946, 0.009292, 0.000000,
           0.991691,-0.118523, 0.050018, 0.000000,
           0.000000, 0.856518,-0.000000, 1.000000;;
        }
        Frame Armature_r_obojczyk {
          FrameTransformMatrix {
            -0.100597,-0.224360, 0.969300, 0.000000,
             0.993243,-0.079311, 0.084724, 0.000000,
             0.057868, 0.971274, 0.230823, 0.000000,
             0.000000, 1.116649,-0.000000, 1.000000;;
          }
          Frame Armature_r_shoulder {
            FrameTransformMatrix {
               0.990130,-0.132183,-0.046580, 0.000000,
               0.064088, 0.722603,-0.688286, 0.000000,
               0.124639, 0.678508, 0.723942, 0.000000,
              -0.000000, 0.591453,-0.000000, 1.000000;;
            }
            Frame Armature_r_arm {
              FrameTransformMatrix {
                 0.852551,-0.271353,-0.446682, 0.000000,
                 0.108306, 0.927832,-0.356928, 0.000000,
                 0.511299, 0.255921, 0.820413, 0.000000,
                -0.000001, 0.310784,-0.000000, 1.000000;;
              }
              Frame Armature_r_arm_top {
                FrameTransformMatrix {
                   0.925626,-0.360978, 0.113627, 0.000000,
                   0.376624, 0.908057,-0.183269, 0.000000,
                  -0.037024, 0.212433, 0.976474, 0.000000,
                  -0.000000, 1.089800,-0.000000, 1.000000;;
                }
                Frame Armature_r_hand {
                  FrameTransformMatrix {
                     0.996518, 0.080062, 0.023283, 0.000000,
                    -0.079291, 0.996327,-0.032336, 0.000000,
                    -0.025786, 0.030377, 0.999206, 0.000000,
                     0.000000, 1.215243, 0.000000, 1.000000;;
                  }
                  Frame Armature_r_hand0 {
                    FrameTransformMatrix {
                       0.357633,-0.792844,-0.493454, 0.000000,
                      -0.102396, 0.491923,-0.864596, 0.000000,
                       0.928231, 0.359736, 0.094743, 0.000000,
                      -0.000000, 0.262412,-0.000001, 1.000000;;
                    }
                    Frame Armature_r_palec0 {
                      FrameTransformMatrix {
                         0.820849, 0.392045, 0.415341, 0.000000,
                        -0.562175, 0.426211, 0.708734, 0.000000,
                         0.100833,-0.815257, 0.570253, 0.000000,
                         0.000000, 0.223437, 0.000000, 1.000000;;
                      }
                      Frame Armature_r_palec0_top {
                        FrameTransformMatrix {
                           0.731495, 0.328109, 0.597712, 0.000000,
                          -0.478497, 0.871523, 0.107182, 0.000000,
                          -0.485753,-0.364406, 0.794514, 0.000000,
                          -0.000000, 0.109899,-0.000001, 1.000000;;
                        }
                      } //End of Armature_r_palec0_top
                    } //End of Armature_r_palec0
                  } //End of Armature_r_hand0
                  Frame Armature_r_hand1 {
                    FrameTransformMatrix {
                       0.352009,-0.324300,-0.878020, 0.000000,
                      -0.065585, 0.927208,-0.368761, 0.000000,
                       0.933696, 0.187392, 0.305116, 0.000000,
                      -0.000000, 0.262412,-0.000001, 1.000000;;
                    }
                    Frame Armature_r_palec1 {
                      FrameTransformMatrix {
                         0.936649, 0.105031, 0.334151, 0.000000,
                        -0.319029, 0.649634, 0.690069, 0.000000,
                        -0.144597,-0.752957, 0.641987, 0.000000,
                        -0.000000, 0.180229, 0.000000, 1.000000;;
                      }
                      Frame Armature_r_palec1_top {
                        FrameTransformMatrix {
                           0.919672,-0.381267,-0.094021, 0.000000,
                           0.385808, 0.921901, 0.035375, 0.000000,
                           0.073191,-0.068807, 0.994941, 0.000000,
                          -0.000000, 0.189031,-0.000000, 1.000000;;
                        }
                      } //End of Armature_r_palec1_top
                    } //End of Armature_r_palec1
                  } //End of Armature_r_hand1
                  Frame Armature_r_hand2 {
                    FrameTransformMatrix {
                       0.738724,-0.111590,-0.664707, 0.000000,
                       0.278435, 0.948641, 0.150183, 0.000000,
                       0.613809,-0.296021, 0.731854, 0.000000,
                      -0.000000, 0.262412,-0.000001, 1.000000;;
                    }
                    Frame Armature_r_palec2 {
                      FrameTransformMatrix {
                         0.983404, 0.020375, 0.180279, 0.000000,
                        -0.054243, 0.981242, 0.184992, 0.000000,
                        -0.173128,-0.191701, 0.966063, 0.000000,
                        -0.000000, 0.179901,-0.000000, 1.000000;;
                      }
                      Frame Armature_r_palec2_top {
                        FrameTransformMatrix {
                           0.585249,-0.523247, 0.619432, 0.000000,
                           0.657141, 0.753604, 0.015707, 0.000000,
                          -0.475025, 0.397862, 0.784893, 0.000000,
                           0.000000, 0.121678, 0.000000, 1.000000;;
                        }
                      } //End of Armature_r_palec2_top
                    } //End of Armature_r_palec2
                  } //End of Armature_r_hand2
                  Frame Armature_r_hand3 {
                    FrameTransformMatrix {
                       0.823464,-0.485431,-0.293706, 0.000000,
                       0.556171, 0.588300, 0.587007, 0.000000,
                      -0.112164,-0.646730, 0.754427, 0.000000,
                      -0.000000, 0.262412,-0.000001, 1.000000;;
                    }
                    Frame Armature_r_palec3 {
                      FrameTransformMatrix {
                         0.936779, 0.267802,-0.225229, 0.000000,
                        -0.342477, 0.833752,-0.433091, 0.000000,
                         0.071803, 0.482846, 0.872757, 0.000000,
                         0.000000, 0.184283, 0.000000, 1.000000;;
                      }
                      Frame Armature_r_palec3_top {
                        FrameTransformMatrix {
                           0.831845,-0.554982, 0.005369, 0.000000,
                           0.554354, 0.830357,-0.056552, 0.000000,
                           0.026927, 0.050019, 0.998385, 0.000000,
                          -0.000000, 0.148338,-0.000000, 1.000000;;
                        }
                      } //End of Armature_r_palec3_top
                    } //End of Armature_r_palec3
                  } //End of Armature_r_hand3
                  Frame Armature_r_hand4 {
                    FrameTransformMatrix {
                       0.658363,-0.729107,-0.186980, 0.000000,
                       0.476299, 0.211192, 0.853544, 0.000000,
                      -0.582837,-0.651000, 0.486314, 0.000000,
                      -0.000000, 0.262412,-0.000001, 1.000000;;
                    }
                    Frame Armature_r_palec4 {
                      FrameTransformMatrix {
                         0.947359, 0.239559,-0.212418, 0.000000,
                        -0.314774, 0.575573,-0.754740, 0.000000,
                        -0.058543, 0.781874, 0.620682, 0.000000,
                         0.000000, 0.206932,-0.000000, 1.000000;;
                      }
                      Frame Armature_r_palec4_top {
                        FrameTransformMatrix {
                           0.996429,-0.039367,-0.074699, 0.000000,
                           0.026947, 0.986663,-0.160530, 0.000000,
                           0.080023, 0.157944, 0.984200, 0.000000,
                           0.000000, 0.106005, 0.000000, 1.000000;;
                        }
                      } //End of Armature_r_palec4_top
                    } //End of Armature_r_palec4
                  } //End of Armature_r_hand4
                } //End of Armature_r_hand
              } //End of Armature_r_arm_top
            } //End of Armature_r_arm
          } //End of Armature_r_shoulder
        } //End of Armature_r_obojczyk
        Frame Armature_head {
          FrameTransformMatrix {
             0.999997,-0.001788,-0.001489, 0.000000,
             0.001923, 0.995340, 0.096409, 0.000000,
             0.001309,-0.096412, 0.995341, 0.000000,
             0.000000, 1.116649,-0.000000, 1.000000;;
          }
        } //End of Armature_head
        Frame Armature_l_obojczyk {
          FrameTransformMatrix {
            -0.119280, 0.990239,-0.072112, 0.000000,
            -0.990683,-0.113896, 0.074663, 0.000000,
             0.065721, 0.080346, 0.994598, 0.000000,
             0.000000, 1.116649,-0.000000, 1.000000;;
          }
          Frame Armature_l_shoulder {
            FrameTransformMatrix {
               0.133394, 0.273112, 0.952689, 0.000000,
              -0.616274, 0.775686,-0.136080, 0.000000,
              -0.776152,-0.568965, 0.271783, 0.000000,
               0.000000, 0.666081,-0.000000, 1.000000;;
            }
            Frame Armature_l_arm {
              FrameTransformMatrix {
                 0.827507, 0.395109,-0.398900, 0.000000,
                -0.124729, 0.822089, 0.555529, 0.000000,
                 0.547426,-0.409950, 0.729566, 0.000000,
                -0.000000, 0.310784,-0.000000, 1.000000;;
              }
              Frame Armature_l_arm_top {
                FrameTransformMatrix {
                   0.884384, 0.069663, 0.461533, 0.000000,
                  -0.151899, 0.977930, 0.143460, 0.000000,
                  -0.441352,-0.196980, 0.875447, 0.000000,
                  -0.000000, 1.031097, 0.000000, 1.000000;;
                }
                Frame Armature_l_hand {
                  FrameTransformMatrix {
                     0.953790, 0.258472, 0.153218, 0.000000,
                    -0.213313, 0.941599,-0.260554, 0.000000,
                    -0.211616, 0.215831, 0.953224, 0.000000,
                    -0.000000, 1.215243, 0.000000, 1.000000;;
                  }
                  Frame Armature_l_hand0 {
                    FrameTransformMatrix {
                       0.081916, 0.772655,-0.629519, 0.000000,
                      -0.715602, 0.485239, 0.502452, 0.000000,
                       0.693689, 0.409326, 0.592662, 0.000000,
                      -0.000001, 0.262413, 0.000000, 1.000000;;
                    }
                    Frame Armature_l_palec0 {
                      FrameTransformMatrix {
                         0.692108,-0.686767,-0.222123, 0.000000,
                         0.493829, 0.226099, 0.839650, 0.000000,
                        -0.526422,-0.690819, 0.495630, 0.000000,
                        -0.000000, 0.223437, 0.000000, 1.000000;;
                      }
                      Frame Armature_l_palec0_top {
                        FrameTransformMatrix {
                           0.999693, 0.022099,-0.011198, 0.000000,
                          -0.019664, 0.982742, 0.183931, 0.000000,
                           0.015069,-0.183654, 0.982875, 0.000000,
                          -0.000000, 0.109898,-0.000000, 1.000000;;
                        }
                      } //End of Armature_l_palec0_top
                    } //End of Armature_l_palec0
                  } //End of Armature_l_hand0
                  Frame Armature_l_hand1 {
                    FrameTransformMatrix {
                       0.572524, 0.380425,-0.726287, 0.000000,
                      -0.384101, 0.907065, 0.172333, 0.000000,
                       0.724350, 0.180303, 0.665439, 0.000000,
                      -0.000001, 0.262413, 0.000000, 1.000000;;
                    }
                    Frame Armature_l_palec1 {
                      FrameTransformMatrix {
                         0.894391,-0.182514,-0.408356, 0.000000,
                         0.427368, 0.618110, 0.659770, 0.000000,
                         0.131992,-0.764610, 0.630832, 0.000000,
                        -0.000000, 0.180229, 0.000000, 1.000000;;
                      }
                      Frame Armature_l_palec1_top {
                        FrameTransformMatrix {
                           0.847973, 0.496437, 0.185719, 0.000000,
                          -0.517314, 0.851464, 0.085994, 0.000000,
                          -0.115442,-0.168995, 0.978833, 0.000000,
                           0.000000, 0.189032, 0.000000, 1.000000;;
                        }
                      } //End of Armature_l_palec1_top
                    } //End of Armature_l_palec1
                  } //End of Armature_l_hand1
                  Frame Armature_l_hand2 {
                    FrameTransformMatrix {
                       0.211792, 0.111590,-0.970924, 0.000000,
                       0.268336, 0.948641, 0.167562, 0.000000,
                       0.939755,-0.296021, 0.170971, 0.000000,
                      -0.000001, 0.262413, 0.000000, 1.000000;;
                    }
                    Frame Armature_l_palec2 {
                      FrameTransformMatrix {
                         0.973852, 0.119139,-0.193439, 0.000000,
                        -0.068424, 0.965741, 0.250324, 0.000000,
                         0.216636,-0.230543, 0.948641, 0.000000,
                        -0.000000, 0.179901,-0.000000, 1.000000;;
                      }
                      Frame Armature_l_palec2_top {
                        FrameTransformMatrix {
                           0.737892, 0.193950, 0.646452, 0.000000,
                          -0.230913, 0.972565,-0.028215, 0.000000,
                          -0.634189,-0.128455, 0.762433, 0.000000,
                          -0.000000, 0.121677, 0.000000, 1.000000;;
                        }
                      } //End of Armature_l_palec2_top
                    } //End of Armature_l_palec2
                  } //End of Armature_l_hand2
                  Frame Armature_l_hand3 {
                    FrameTransformMatrix {
                      -0.153656, 0.497021,-0.854026, 0.000000,
                       0.781967, 0.589542, 0.202407, 0.000000,
                       0.604084,-0.636719,-0.479240, 0.000000,
                      -0.000001, 0.262413, 0.000000, 1.000000;;
                    }
                    Frame Armature_l_palec3 {
                      FrameTransformMatrix {
                         0.990091,-0.121227,-0.070876, 0.000000,
                         0.071370, 0.869083,-0.489491, 0.000000,
                         0.120937, 0.479582, 0.869123, 0.000000,
                         0.000000, 0.184282,-0.000000, 1.000000;;
                      }
                      Frame Armature_l_palec3_top {
                        FrameTransformMatrix {
                           0.989628, 0.082301, 0.117741, 0.000000,
                          -0.071718, 0.993222,-0.091468, 0.000000,
                          -0.124471, 0.082075, 0.988823, 0.000000,
                          -0.000000, 0.108892,-0.000000, 1.000000;;
                        }
                      } //End of Armature_l_palec3_top
                    } //End of Armature_l_palec3
                  } //End of Armature_l_hand3
                  Frame Armature_l_hand4 {
                    FrameTransformMatrix {
                      -0.177508, 0.769799,-0.613108, 0.000000,
                       0.971673, 0.235865, 0.014824, 0.000000,
                       0.156022,-0.593109,-0.789860, 0.000000,
                      -0.000001, 0.262413, 0.000000, 1.000000;;
                    }
                    Frame Armature_l_palec4 {
                      FrameTransformMatrix {
                         0.943168,-0.236290, 0.233671, 0.000000,
                         0.332316, 0.672652,-0.661139, 0.000000,
                        -0.000959, 0.701218, 0.712946, 0.000000,
                         0.000000, 0.206933, 0.000000, 1.000000;;
                      }
                      Frame Armature_l_palec4_top {
                        FrameTransformMatrix {
                           0.998934, 0.043359, 0.015862, 0.000000,
                          -0.040107, 0.985124,-0.167098, 0.000000,
                          -0.022872, 0.166284, 0.985813, 0.000000,
                           0.000000, 0.106004, 0.000000, 1.000000;;
                        }
                      } //End of Armature_l_palec4_top
                    } //End of Armature_l_palec4
                  } //End of Armature_l_hand4
                } //End of Armature_l_hand
              } //End of Armature_l_arm_top
            } //End of Armature_l_arm
          } //End of Armature_l_shoulder
        } //End of Armature_l_obojczyk
      } //End of Armature_chest
    } //End of Armature_stomach
    Frame Armature_r_biodro {
      FrameTransformMatrix {
        -0.504061, 0.625603,-0.595435, 0.000000,
         0.769560, 0.638287, 0.019162, 0.000000,
         0.392047,-0.448564,-0.803174, 0.000000,
        -0.011771, 0.310808,-5.700426, 1.000000;;
      }
      Frame Armature_r_udo {
        FrameTransformMatrix {
           0.575860,-0.763287,-0.292880, 0.000000,
           0.636006, 0.643348,-0.426145, 0.000000,
           0.513695, 0.059126, 0.855933, 0.000000,
          -0.000000, 0.575129, 0.000000, 1.000000;;
        }
        Frame Armature_r_lydka {
          FrameTransformMatrix {
             0.999866, 0.015005,-0.006536, 0.000000,
            -0.015170, 0.999547,-0.025985, 0.000000,
             0.006143, 0.026081, 0.999641, 0.000000,
            -0.000000, 1.841818,-0.000000, 1.000000;;
          }
          Frame Armature_r_stopa {
            FrameTransformMatrix {
               0.935164,-0.180127,-0.304996, 0.000000,
              -0.313400,-0.019488,-0.949421, 0.000000,
               0.165073, 0.983450,-0.074676, 0.000000,
              -0.000000, 2.034581, 0.000000, 1.000000;;
            }
          } //End of Armature_r_stopa
        } //End of Armature_r_lydka
      } //End of Armature_r_udo
    } //End of Armature_r_biodro
    Frame Armature_l_biodro {
      FrameTransformMatrix {
        -0.479140,-0.608591,-0.632488, 0.000000,
        -0.794698, 0.606731, 0.018215, 0.000000,
         0.372665, 0.511365,-0.774356, 0.000000,
        -0.020388, 0.326657,-5.699951, 1.000000;;
      }
      Frame Armature_l_udo {
        FrameTransformMatrix {
           0.579041, 0.755374,-0.306791, 0.000000,
          -0.527659, 0.634067, 0.565275, 0.000000,
           0.621520,-0.165436, 0.765731, 0.000000,
          -0.000000, 0.605042,-0.000000, 1.000000;;
        }
        Frame Armature_l_lydka {
          FrameTransformMatrix {
             0.998831, 0.044678,-0.018438, 0.000000,
            -0.046694, 0.990493,-0.129398, 0.000000,
             0.012482, 0.130107, 0.991421, 0.000000,
            -0.000000, 1.841818,-0.000001, 1.000000;;
          }
          Frame Armature_l_stopa {
            FrameTransformMatrix {
               0.926470, 0.127031, 0.354283, 0.000000,
               0.351490, 0.044527,-0.935132, 0.000000,
              -0.134566, 0.990899,-0.003397, 0.000000,
              -0.000000, 2.024738, 0.000000, 1.000000;;
            }
          } //End of Armature_l_stopa
        } //End of Armature_l_lydka
      } //End of Armature_l_udo
    } //End of Armature_l_biodro
    Frame Plane {
      FrameTransformMatrix {
         0.157260, 0.000000, 0.000000, 0.000000,
        -0.000000, 0.000000, 0.157260, 0.000000,
        -0.000000,-0.157260, 0.000000, 0.000000,
         0.002410, 0.344104, 0.987210, 1.000000;;
      }
      Mesh { //Plane_002 Mesh
        8398;
        16.295244;-16.809677;-0.135661;,
        15.451198;-16.215635;-0.064543;,
        15.466749;-16.210869;-0.533305;,
        16.293606;-16.864992;-0.594628;,
        15.610600;-17.543516;-0.289568;,
        14.836552;-16.957182;-0.306719;,
        15.059296;-16.773811; 0.468096;,
        15.561852;-17.109900; 0.560832;,
        15.274254;-16.322426;-0.931681;,
        14.963705;-16.608631;-1.166774;,
        15.752378;-17.342003;-1.154846;,
        16.112926;-17.037012;-0.987367;,
        16.293606;-16.864992;-0.594628;,
        15.466749;-16.210869;-0.533305;,
        15.274254;-16.322426;-0.931681;,
        16.112926;-17.037012;-0.987367;,
        15.561852;-17.109900; 0.560832;,
        15.059296;-16.773811; 0.468096;,
        15.308699;-16.453556; 0.325332;,
        15.903858;-16.807720; 0.404935;,
        15.752378;-17.342003;-1.154846;,
        14.963705;-16.608631;-1.166774;,
        14.654290;-16.927994;-1.105934;,
        15.470819;-17.625517;-1.126516;,
        15.903858;-16.807720; 0.404935;,
        15.308699;-16.453556; 0.325332;,
        15.451198;-16.215635;-0.064543;,
        16.295244;-16.809677;-0.135661;,
        15.470819;-17.625517;-1.126516;,
        14.654290;-16.927994;-1.105934;,
        14.836552;-16.957182;-0.306719;,
        15.610600;-17.543516;-0.289568;,
        16.089779;-17.837202;-1.487484;,
        15.752378;-17.342003;-1.154846;,
        15.470819;-17.625517;-1.126516;,
        15.997391;-18.037987;-1.568313;,
        16.065144;-17.347050; 0.707695;,
        15.561852;-17.109900; 0.560832;,
        15.903858;-16.807720; 0.404935;,
        16.407150;-17.044868; 0.551800;,
        16.972872;-17.877632; 0.922662;,
        16.065144;-17.347050; 0.707695;,
        16.407150;-17.044868; 0.551800;,
        17.247141;-17.650808; 0.810246;,
        16.148951;-17.867949;-0.064567;,
        16.065144;-17.347050; 0.707695;,
        16.972872;-17.877632; 0.922662;,
        17.080877;-18.332809; 0.302001;,
        16.065144;-17.347050; 0.707695;,
        16.148951;-17.867949;-0.064567;,
        15.610600;-17.543516;-0.289568;,
        15.561852;-17.109900; 0.560832;,
        17.225864;-18.889252;-1.405640;,
        16.759031;-18.688103;-1.613480;,
        16.841619;-19.009338;-1.346743;,
        17.138662;-18.995794;-1.248921;,
        17.459364;-19.082615;-1.349148;,
        17.225864;-18.889252;-1.405640;,
        17.138662;-18.995794;-1.248921;,
        17.389303;-19.157810;-1.167087;,
        17.194759;-18.823509;-0.720444;,
        17.138662;-18.995794;-1.248921;,
        16.841619;-19.009338;-1.346743;,
        16.524368;-18.293955;-0.567423;,
        17.194759;-18.823509;-0.720444;,
        16.524368;-18.293955;-0.567423;,
        16.350185;-18.096302;-0.334112;,
        17.141920;-18.595839;-0.246059;,
        17.194759;-18.823509;-0.720444;,
        17.449903;-19.037374;-0.693609;,
        17.389303;-19.157810;-1.167087;,
        17.138662;-18.995794;-1.248921;,
        17.469259;-18.748987;-0.163621;,
        17.449903;-19.037374;-0.693609;,
        17.194759;-18.823509;-0.720444;,
        17.141920;-18.595839;-0.246059;,
        17.367350;-18.008669; 0.960746;,
        17.468103;-18.438972; 0.371909;,
        17.080877;-18.332809; 0.302001;,
        16.972872;-17.877632; 0.922662;,
        16.454199;-18.371717;-1.691151;,
        16.572485;-18.225161;-1.731799;,
        16.089779;-17.837202;-1.487484;,
        15.997391;-18.037987;-1.568313;,
        16.863708;-18.552120;-1.625730;,
        16.572485;-18.225161;-1.731799;,
        16.454199;-18.371717;-1.691151;,
        16.759031;-18.688103;-1.613480;,
        17.273216;-18.846184;-1.401311;,
        16.863708;-18.552120;-1.625730;,
        16.759031;-18.688103;-1.613480;,
        17.225864;-18.889252;-1.405640;,
        17.477221;-19.014805;-1.292709;,
        17.273216;-18.846184;-1.401311;,
        17.225864;-18.889252;-1.405640;,
        17.459364;-19.082615;-1.349148;,
        16.063084;-18.376751;-1.683880;,
        15.997391;-18.037987;-1.568313;,
        15.470819;-17.625517;-1.126516;,
        15.692263;-18.069311;-1.370994;,
        16.148951;-17.867949;-0.064567;,
        15.997137;-18.360373;-0.600744;,
        15.696390;-18.136631;-0.786738;,
        15.610600;-17.543516;-0.289568;,
        15.997391;-18.037987;-1.568313;,
        16.063084;-18.376751;-1.683880;,
        16.401493;-18.607481;-1.778218;,
        16.454199;-18.371717;-1.691151;,
        16.841619;-19.009338;-1.346743;,
        16.654745;-19.046604;-1.534640;,
        16.349483;-18.647108;-0.907468;,
        16.524368;-18.293955;-0.567423;,
        16.759031;-18.688103;-1.613480;,
        16.653818;-18.861406;-1.716226;,
        16.654745;-19.046604;-1.534640;,
        16.841619;-19.009338;-1.346743;,
        15.692263;-18.069311;-1.370994;,
        15.470819;-17.625517;-1.126516;,
        15.610600;-17.543516;-0.289568;,
        15.696390;-18.136631;-0.786738;,
        16.454199;-18.371717;-1.691151;,
        16.401493;-18.607481;-1.778218;,
        16.653818;-18.861406;-1.716226;,
        16.759031;-18.688103;-1.613480;,
        15.997137;-18.360373;-0.600744;,
        16.071156;-18.811165;-1.464184;,
        15.839479;-18.527447;-1.526577;,
        15.696390;-18.136631;-0.786738;,
        16.349483;-18.647108;-0.907468;,
        16.307098;-18.970030;-1.544627;,
        16.071156;-18.811165;-1.464184;,
        15.997137;-18.360373;-0.600744;,
        16.192703;-18.526005;-1.788206;,
        16.063084;-18.376751;-1.683880;,
        15.692263;-18.069311;-1.370994;,
        15.923405;-18.411631;-1.603560;,
        16.654745;-19.046604;-1.534640;,
        16.521946;-19.006329;-1.675307;,
        16.307098;-18.970030;-1.544627;,
        16.349483;-18.647108;-0.907468;,
        16.063084;-18.376751;-1.683880;,
        16.192703;-18.526005;-1.788206;,
        16.436747;-18.724487;-1.845786;,
        16.401493;-18.607481;-1.778218;,
        15.923405;-18.411631;-1.603560;,
        15.692263;-18.069311;-1.370994;,
        15.696390;-18.136631;-0.786738;,
        15.839479;-18.527447;-1.526577;,
        16.653818;-18.861406;-1.716226;,
        16.611792;-18.885353;-1.757889;,
        16.521946;-19.006329;-1.675307;,
        16.654745;-19.046604;-1.534640;,
        16.401493;-18.607481;-1.778218;,
        16.436747;-18.724487;-1.845786;,
        16.611792;-18.885353;-1.757889;,
        16.653818;-18.861406;-1.716226;,
        16.307098;-18.970030;-1.544627;,
        16.231913;-19.169716;-1.745836;,
        16.059931;-19.103163;-1.723851;,
        16.071156;-18.811165;-1.464184;,
        16.249784;-19.001038;-2.029167;,
        16.192703;-18.526005;-1.788206;,
        15.923405;-18.411631;-1.603560;,
        16.027998;-18.937239;-1.940404;,
        16.521946;-19.006329;-1.675307;,
        16.372448;-19.210522;-1.795854;,
        16.231913;-19.169716;-1.745836;,
        16.307098;-18.970030;-1.544627;,
        16.192703;-18.526005;-1.788206;,
        16.249784;-19.001038;-2.029167;,
        16.404434;-19.092335;-2.007782;,
        16.436747;-18.724487;-1.845786;,
        16.027998;-18.937239;-1.940404;,
        15.923405;-18.411631;-1.603560;,
        15.839479;-18.527447;-1.526577;,
        15.961868;-18.984222;-1.849374;,
        16.611792;-18.885353;-1.757889;,
        16.471533;-19.142429;-1.926365;,
        16.372448;-19.210522;-1.795854;,
        16.521946;-19.006329;-1.675307;,
        16.436747;-18.724487;-1.845786;,
        16.404434;-19.092335;-2.007782;,
        16.471533;-19.142429;-1.926365;,
        16.611792;-18.885353;-1.757889;,
        16.071156;-18.811165;-1.464184;,
        16.059931;-19.103163;-1.723851;,
        15.961868;-18.984222;-1.849374;,
        15.839479;-18.527447;-1.526577;,
        16.372448;-19.210522;-1.795854;,
        16.424805;-19.423231;-2.026495;,
        16.289982;-19.407131;-1.968759;,
        16.231913;-19.169716;-1.745836;,
        16.249784;-19.001038;-2.029167;,
        16.262266;-19.240217;-2.234518;,
        16.422773;-19.303066;-2.226701;,
        16.404434;-19.092335;-2.007782;,
        16.050253;-19.215563;-2.134072;,
        16.027998;-18.937239;-1.940404;,
        15.961868;-18.984222;-1.849374;,
        16.001326;-19.271585;-2.044630;,
        16.471533;-19.142429;-1.926365;,
        16.498856;-19.341570;-2.154978;,
        16.424805;-19.423231;-2.026495;,
        16.372448;-19.210522;-1.795854;,
        16.404434;-19.092335;-2.007782;,
        16.422773;-19.303066;-2.226701;,
        16.498856;-19.341570;-2.154978;,
        16.471533;-19.142429;-1.926365;,
        16.059931;-19.103163;-1.723851;,
        16.119844;-19.371042;-1.934937;,
        16.001326;-19.271585;-2.044630;,
        15.961868;-18.984222;-1.849374;,
        16.231913;-19.169716;-1.745836;,
        16.289982;-19.407131;-1.968759;,
        16.119844;-19.371042;-1.934937;,
        16.059931;-19.103163;-1.723851;,
        16.262266;-19.240217;-2.234518;,
        16.249784;-19.001038;-2.029167;,
        16.027998;-18.937239;-1.940404;,
        16.050253;-19.215563;-2.134072;,
        16.289982;-19.407131;-1.968759;,
        16.249311;-19.751381;-2.290425;,
        16.107513;-19.723639;-2.254282;,
        16.119844;-19.371042;-1.934937;,
        16.285835;-19.585424;-2.551344;,
        16.262266;-19.240217;-2.234518;,
        16.050253;-19.215563;-2.134072;,
        16.108438;-19.573929;-2.439542;,
        16.424805;-19.423231;-2.026495;,
        16.362175;-19.759190;-2.354496;,
        16.249311;-19.751381;-2.290425;,
        16.289982;-19.407131;-1.968759;,
        16.262266;-19.240217;-2.234518;,
        16.285835;-19.585424;-2.551344;,
        16.418011;-19.644154;-2.539894;,
        16.422773;-19.303066;-2.226701;,
        16.108438;-19.573929;-2.439542;,
        16.050253;-19.215563;-2.134072;,
        16.001326;-19.271585;-2.044630;,
        16.063816;-19.640968;-2.337722;,
        16.498856;-19.341570;-2.154978;,
        16.429571;-19.661272;-2.500715;,
        16.362175;-19.759190;-2.354496;,
        16.424805;-19.423231;-2.026495;,
        16.422773;-19.303066;-2.226701;,
        16.418011;-19.644154;-2.539894;,
        16.429571;-19.661272;-2.500715;,
        16.498856;-19.341570;-2.154978;,
        16.119844;-19.371042;-1.934937;,
        16.107513;-19.723639;-2.254282;,
        16.063816;-19.640968;-2.337722;,
        16.001326;-19.271585;-2.044630;,
        16.362175;-19.759190;-2.354496;,
        16.333214;-19.771713;-2.507771;,
        16.208498;-19.747671;-2.468777;,
        16.249311;-19.751381;-2.290425;,
        16.249311;-19.751381;-2.290425;,
        16.208498;-19.747671;-2.468777;,
        16.123169;-19.745914;-2.350421;,
        16.107513;-19.723639;-2.254282;,
        16.333214;-19.771713;-2.507771;,
        16.285835;-19.585424;-2.551344;,
        16.108438;-19.573929;-2.439542;,
        16.208498;-19.747671;-2.468777;,
        16.107513;-19.723639;-2.254282;,
        16.123169;-19.745914;-2.350421;,
        16.063816;-19.640968;-2.337722;,
        16.208498;-19.747671;-2.468777;,
        16.108438;-19.573929;-2.439542;,
        16.063816;-19.640968;-2.337722;,
        16.123169;-19.745914;-2.350421;,
        16.285835;-19.585424;-2.551344;,
        16.333214;-19.771713;-2.507771;,
        16.442730;-19.725697;-2.514198;,
        16.418011;-19.644154;-2.539894;,
        16.429571;-19.661272;-2.500715;,
        16.442730;-19.725697;-2.514198;,
        16.333214;-19.771713;-2.507771;,
        16.362175;-19.759190;-2.354496;,
        16.418011;-19.644154;-2.539894;,
        16.442730;-19.725697;-2.514198;,
        16.429571;-19.661272;-2.500715;,
        16.572485;-18.225161;-1.731799;,
        16.796907;-17.760727;-0.950664;,
        16.466295;-17.350615;-0.977708;,
        16.089779;-17.837202;-1.487484;,
        16.863708;-18.552120;-1.625730;,
        17.064707;-18.113749;-0.829560;,
        16.796907;-17.760727;-0.950664;,
        16.572485;-18.225161;-1.731799;,
        16.112926;-17.037012;-0.987367;,
        15.752378;-17.342003;-1.154846;,
        16.089779;-17.837202;-1.487484;,
        16.466295;-17.350615;-0.977708;,
        16.796907;-17.760727;-0.950664;,
        16.942955;-17.619171;-0.477780;,
        16.612341;-17.209059;-0.504824;,
        16.466295;-17.350615;-0.977708;,
        17.064707;-18.113749;-0.829560;,
        17.285776;-17.888727;-0.404830;,
        16.942955;-17.619171;-0.477780;,
        16.796907;-17.760727;-0.950664;,
        16.942955;-17.619171;-0.477780;,
        17.087484;-17.581436; 0.186278;,
        16.439604;-17.244259; 0.085240;,
        16.612341;-17.209059;-0.504824;,
        16.612341;-17.209059;-0.504824;,
        16.439604;-17.244259; 0.085240;,
        16.295244;-16.809677;-0.135661;,
        16.293606;-16.864992;-0.594628;,
        16.466295;-17.350615;-0.977708;,
        16.612341;-17.209059;-0.504824;,
        16.293606;-16.864992;-0.594628;,
        16.112926;-17.037012;-0.987367;,
        16.439604;-17.244259; 0.085240;,
        16.407150;-17.044868; 0.551800;,
        15.903858;-16.807720; 0.404935;,
        16.295244;-16.809677;-0.135661;,
        16.439604;-17.244259; 0.085240;,
        17.087484;-17.581436; 0.186278;,
        17.247141;-17.650808; 0.810246;,
        16.407150;-17.044868; 0.551800;,
        17.454231;-17.911085; 0.886393;,
        17.367350;-18.008669; 0.960746;,
        16.972872;-17.877632; 0.922662;,
        17.247141;-17.650808; 0.810246;,
        16.942955;-17.619171;-0.477780;,
        17.285776;-17.888727;-0.404830;,
        17.087484;-17.581436; 0.186278;,
        16.863708;-18.552120;-1.625730;,
        17.273216;-18.846184;-1.401311;,
        17.247997;-18.466299;-0.987469;,
        17.064707;-18.113749;-0.829560;,
        17.247997;-18.466299;-0.987469;,
        17.415236;-18.109678;-0.381898;,
        17.285776;-17.888727;-0.404830;,
        17.064707;-18.113749;-0.829560;,
        17.415236;-18.109678;-0.381898;,
        17.339584;-17.768847; 0.291359;,
        17.087484;-17.581436; 0.186278;,
        17.285776;-17.888727;-0.404830;,
        17.585110;-18.297243;-0.346127;,
        17.486301;-17.918940; 0.345848;,
        17.339584;-17.768847; 0.291359;,
        17.415236;-18.109678;-0.381898;,
        17.499491;-18.634401;-0.989721;,
        17.585110;-18.297243;-0.346127;,
        17.415236;-18.109678;-0.381898;,
        17.247997;-18.466299;-0.987469;,
        17.273216;-18.846184;-1.401311;,
        17.477221;-19.014805;-1.292709;,
        17.499491;-18.634401;-0.989721;,
        17.247997;-18.466299;-0.987469;,
        17.247141;-17.650808; 0.810246;,
        17.087484;-17.581436; 0.186278;,
        17.339584;-17.768847; 0.291359;,
        17.339584;-17.768847; 0.291359;,
        17.486301;-17.918940; 0.345848;,
        17.454231;-17.911085; 0.886393;,
        17.247141;-17.650808; 0.810246;,
        17.141920;-18.595839;-0.246059;,
        16.350185;-18.096302;-0.334112;,
        16.148951;-17.867949;-0.064567;,
        17.080877;-18.332809; 0.302001;,
        17.468103;-18.438972; 0.371909;,
        17.469259;-18.748987;-0.163621;,
        17.141920;-18.595839;-0.246059;,
        17.080877;-18.332809; 0.302001;,
        16.350185;-18.096302;-0.334112;,
        15.997137;-18.360373;-0.600744;,
        16.148951;-17.867949;-0.064567;,
        16.350185;-18.096302;-0.334112;,
        16.524368;-18.293955;-0.567423;,
        16.349483;-18.647108;-0.907468;,
        15.997137;-18.360373;-0.600744;,
        17.454231;-17.911085; 0.886393;,
        17.555429;-17.976559; 0.875914;,
        17.466196;-18.054865; 0.977455;,
        17.367350;-18.008669; 0.960746;,
        17.651758;-18.038359; 0.536471;,
        17.486301;-17.918940; 0.345848;,
        17.508429;-18.200468; 0.386804;,
        17.509399;-18.190363; 0.415001;,
        17.555429;-17.976559; 0.875914;,
        17.454231;-17.911085; 0.886393;,
        17.486301;-17.918940; 0.345848;,
        17.651758;-18.038359; 0.536471;,
        17.367350;-18.008669; 0.960746;,
        17.466196;-18.054865; 0.977455;,
        17.549376;-18.323849; 0.506276;,
        17.468103;-18.438972; 0.371909;,
        17.508429;-18.200468; 0.386804;,
        17.468103;-18.438972; 0.371909;,
        17.549376;-18.323849; 0.506276;,
        17.509399;-18.190363; 0.415001;,
        17.468103;-18.438972; 0.371909;,
        17.543129;-18.503616; 0.320512;,
        17.543959;-18.725893;-0.063454;,
        17.469259;-18.748987;-0.163621;,
        17.511189;-18.219484; 0.352888;,
        17.543129;-18.503616; 0.320512;,
        17.468103;-18.438972; 0.371909;,
        17.508429;-18.200468; 0.386804;,
        17.585110;-18.297243;-0.346127;,
        17.700745;-18.365942;-0.156095;,
        17.643055;-18.145073; 0.247905;,
        17.486301;-17.918940; 0.345848;,
        17.558409;-18.544626;-0.226949;,
        17.469259;-18.748987;-0.163621;,
        17.543959;-18.725893;-0.063454;,
        17.555645;-18.525610;-0.193034;,
        17.700745;-18.365942;-0.156095;,
        17.585110;-18.297243;-0.346127;,
        17.558409;-18.544626;-0.226949;,
        17.555645;-18.525610;-0.193034;,
        17.486301;-17.918940; 0.345848;,
        17.643055;-18.145073; 0.247905;,
        17.511189;-18.219484; 0.352888;,
        17.508429;-18.200468; 0.386804;,
        17.516100;-18.847378;-0.780515;,
        17.499491;-18.634401;-0.989721;,
        17.651789;-18.825785;-0.973240;,
        17.514170;-18.853201;-0.792704;,
        17.449903;-19.037374;-0.693609;,
        17.518938;-19.127832;-0.779527;,
        17.470360;-19.224377;-1.159070;,
        17.389303;-19.157810;-1.167087;,
        17.460138;-19.077225;-1.334227;,
        17.459364;-19.082615;-1.349148;,
        17.389303;-19.157810;-1.167087;,
        17.470360;-19.224377;-1.159070;,
        17.477221;-19.014805;-1.292709;,
        17.595785;-19.048822;-1.210460;,
        17.651789;-18.825785;-0.973240;,
        17.499491;-18.634401;-0.989721;,
        17.518938;-19.127832;-0.779527;,
        17.449903;-19.037374;-0.693609;,
        17.516100;-18.847378;-0.780515;,
        17.514170;-18.853201;-0.792704;,
        17.595785;-19.048822;-1.210460;,
